42 49 33 38 
41 36 43 39 20 52 20 29 41 26 18 49 43 43 48 41 22 32 30 34 31 33 30 24 45 26 51 27 36 17 56 42 47 29 
44 36 42 43 
28 30 27 44 32 28 32 30 35 30 31 27 
37 43 28 48 43 30 31 39 50 36 40 39 38 23 44 52 44 54 31 38 24 22 38 45 24 43 26 49 42 41 25 45 41 46 32 39 37 38 36 19 18 29 49 23 30 41 43 32 21 17 19 25 47 35 50 25 45 36 37 59 28 47 51 31 16 32 44 30 39 35 30 36 
47 39 29 25 46 29 40 41 32 26 47 39 33 23 47 41 45 19 42 46 40 46 39 25 32 62 58 42 45 18 54 38 44 36 28 20 30 25 38 45 47 46 54 32 43 39 28 25 
20 44 35 24 20 
38 35 36 43 53 35 38 50 24 26 41 36 31 37 
44 49 35 50 
39 33 35 54 44 36 19 37 42 43 52 19 48 53 29 24 21 22 39 17 31 34 19 29 29 35 42 42 51 23 39 23 44 52 30 38 38 36 24 44 32 46 33 34 37 55 24 58 42 30 45 42 31 31 44 42 26 37 41 43 31 45 28 36 29 42 49 26 39 21 42 25 31 26 47 43 37 41 48 29 31 40 41 53 30 59 18 35 33 19 53 43 41 29 50 31 35 48 21 42 19 27 25 36 37 55 35 40 24 15 37 43 44 46 33 34 27 38 37 49 45 37 48 32 36 46 31 43 48 37 53 27 47 49 46 18 27 27 38 29 51 33 32 44 34 50 36 42 46 42 38 27 37 35 26 54 38 20 40 47 46 31 35 23 32 26 35 48 40 44 16 49 37 35 49 54 37 23 31 19 34 33 15 39 48 35 39 34 39 48 49 
35 33 23 37 37 50 40 38 40 30 19 54 28 21 29 46 37 43 32 40 49 42 38 37 54 54 36 40 31 52 29 22 29 42 29 49 23 31 32 33 40 38 44 32 33 40 22 28 44 55 31 30 20 38 53 38 39 40 43 28 52 52 24 36 39 34 25 40 42 41 24 38 28 48 46 54 19 21 31 36 17 45 47 43 43 52 38 36 45 23 
52 46 39 22 21 46 56 49 26 45 23 31 51 30 37 47 37 33 52 26 54 19 26 38 40 
33 53 29 58 
38 41 27 49 
40 39 39 41 25 31 19 45 47 35 31 36 24 30 30 19 49 29 45 37 43 24 35 36 38 54 41 27 46 32 50 34 45 36 42 51 38 41 43 28 42 30 32 21 20 56 48 25 50 23 39 20 41 31 40 44 30 45 17 28 21 41 47 32 36 35 40 54 42 37 33 32 42 24 24 33 47 47 40 32 19 19 58 36 19 40 41 29 30 42 30 52 29 24 49 33 54 44 59 50 29 27 31 39 44 
45 36 26 31 
27 29 27 52 49 26 33 42 54 38 45 49 42 32 25 35 43 19 51 28 37 
39 41 22 44 
53 49 35 39 48 
46 33 36 49 40 41 29 49 21 57 38 33 40 46 19 43 33 53 38 18 45 24 49 45 32 37 41 40 53 53 41 40 25 30 47 43 19 50 19 41 35 41 25 51 24 40 34 47 35 34 38 30 29 53 40 38 51 32 17 28 42 
34 19 52 37 
44 46 33 28 49 48 38 22 42 35 42 31 40 35 16 31 54 43 15 22 44 35 41 38 48 38 53 46 43 42 31 44 35 26 36 32 
47 44 58 43 30 32 43 31 36 31 38 
50 35 33 35 
27 28 28 24 42 37 36 27 48 49 42 29 27 54 15 38 28 32 26 25 30 27 24 30 32 30 23 40 26 15 31 28 35 27 35 22 37 28 18 37 49 46 36 36 39 39 40 30 24 26 42 63 36 
20 22 37 35 
42 48 29 32 45 
49 29 42 32 40 
33 43 43 36 31 
36 46 32 52 37 48 32 30 23 40 47 40 49 37 28 31 50 33 54 26 37 50 25 26 49 34 34 33 40 40 31 43 43 45 45 43 29 35 32 54 18 28 38 42 53 48 39 42 39 31 55 38 27 48 48 45 35 31 19 45 35 28 48 44 47 45 26 50 45 19 53 41 40 32 35 47 33 42 43 47 31 20 50 26 43 36 44 46 19 17 37 49 21 34 46 21 30 30 42 51 51 33 32 51 49 51 35 29 47 19 24 31 41 28 43 19 25 41 44 24 41 41 27 42 50 25 19 31 42 51 33 29 32 44 29 35 51 18 44 48 64 33 29 40 18 19 22 41 46 46 39 52 44 24 52 39 58 40 41 46 50 36 35 41 41 33 44 38 54 44 18 44 31 47 27 47 39 35 40 44 24 27 47 41 51 46 40 31 29 41 41 35 20 41 43 32 41 25 27 24 37 51 24 19 26 22 46 52 33 42 15 39 36 57 43 41 43 24 26 35 32 43 54 17 38 34 30 48 27 28 19 19 16 22 26 46 19 23 48 48 19 36 41 51 47 31 27 40 31 31 30 35 39 44 30 25 30 38 36 39 37 23 17 40 51 48 40 37 48 18 29 30 23 35 41 27 44 30 44 22 37 29 30 54 
31 28 51 48 29 31 30 43 38 40 50 29 40 28 49 39 
28 29 43 40 
27 52 59 50 22 
38 37 28 23 32 39 32 39 45 31 48 39 27 27 39 50 34 19 28 20 43 
23 40 19 25 
64 39 33 20 36 54 31 39 28 40 46 37 30 47 40 43 30 49 46 23 54 22 57 52 43 46 54 
21 42 34 36 25 16 30 27 21 16 39 
39 47 18 59 42 45 26 25 36 40 37 38 20 37 49 47 49 38 44 25 41 29 24 43 44 53 29 22 18 41 34 46 
52 33 38 34 
48 19 44 39 
32 48 34 27 35 49 25 18 21 42 37 38 19 21 29 31 32 26 45 39 43 36 39 
33 40 47 37 35 25 30 25 39 39 50 30 46 37 36 31 31 37 18 50 25 44 48 37 29 40 43 45 26 43 37 29 31 31 49 32 
50 38 21 35 27 53 59 31 22 39 44 53 28 36 44 42 51 22 45 51 52 28 43 51 36 53 46 
52 38 47 41 36 28 53 41 42 43 47 30 44 51 48 
47 42 31 27 43 40 41 30 41 29 47 41 25 48 33 53 18 48 30 28 37 40 53 48 54 48 44 36 46 44 46 41 36 45 31 35 48 52 54 42 49 40 
29 32 26 29 50 
25 47 44 38 
30 57 46 42 42 
17 42 23 35 
58 32 40 39 
45 37 29 19 37 50 46 44 27 19 
44 41 24 37 44 47 35 48 28 58 37 29 43 24 39 38 43 
32 25 26 35 
33 24 18 38 25 
33 38 24 37 39 
48 37 47 46 51 
30 42 52 48 45 37 46 42 30 30 27 43 34 34 27 53 41 35 34 52 19 
30 18 39 32 50 33 25 35 27 34 31 50 42 33 50 49 44 47 33 
66 26 44 18 40 55 32 35 42 33 30 59 41 29 27 29 61 29 31 54 38 44 54 54 59 53 27 30 17 34 52 63 49 26 41 24 52 74 64 51 49 73 41 30 23 39 31 47 62 74 56 71 
56 45 28 44 40 52 30 36 25 43 31 29 39 47 37 43 47 18 42 28 35 32 41 57 29 42 34 32 34 26 48 39 54 38 47 40 36 46 19 54 40 40 32 52 45 37 51 33 31 39 50 34 25 25 37 27 50 62 39 29 40 29 26 44 
31 43 25 38 23 22 43 28 31 60 34 39 38 27 47 38 34 50 27 46 39 47 38 30 45 30 33 
24 43 32 56 57 29 54 53 46 45 19 17 37 28 47 32 47 43 41 33 45 
58 46 50 54 
45 39 38 47 36 37 39 29 31 41 37 54 38 20 54 46 48 58 27 41 46 
43 32 39 19 53 55 23 26 29 41 25 50 25 31 49 46 53 29 35 47 55 42 20 
38 34 30 19 41 23 39 37 41 25 54 20 28 40 42 40 58 36 27 35 35 53 37 28 19 45 52 25 47 27 30 22 37 49 36 49 32 35 47 34 58 44 44 33 32 36 39 46 38 
53 47 18 40 29 54 16 18 44 40 28 22 44 
59 44 33 43 30 53 31 50 30 18 20 28 23 53 45 19 35 44 32 45 49 49 37 41 29 42 54 48 45 43 44 42 44 49 44 45 25 25 46 53 27 49 45 53 50 41 38 39 48 
23 26 22 39 42 44 48 24 39 46 31 29 23 27 26 31 29 38 24 45 31 39 39 51 17 34 29 19 52 50 18 32 23 23 52 33 25 32 21 42 51 28 27 28 17 24 22 22 31 53 54 22 22 22 45 29 31 62 38 17 22 28 22 
54 46 28 46 31 46 19 25 27 45 45 32 50 43 30 30 41 42 38 20 28 44 48 57 34 50 54 43 48 48 47 43 33 39 32 51 49 53 23 32 28 52 51 27 51 38 45 54 43 54 25 30 34 34 43 53 51 50 44 38 27 26 36 31 24 18 53 49 53 28 41 53 43 36 40 21 41 22 23 49 48 43 42 58 40 46 25 
53 47 30 62 54 36 27 40 16 32 47 44 18 40 45 45 31 34 26 
52 23 42 47 29 47 49 33 35 41 46 54 51 50 31 52 19 41 31 36 23 28 56 44 
27 25 30 42 40 23 16 38 29 49 15 46 17 44 39 45 32 22 36 39 28 34 32 31 30 38 18 23 31 49 49 50 53 18 16 43 32 35 42 35 21 17 54 37 26 29 18 38 16 40 50 33 45 51 43 58 27 32 26 22 39 26 25 23 38 53 54 30 31 19 34 44 29 27 33 20 27 33 28 40 21 44 25 20 17 16 31 36 48 32 32 25 32 46 51 18 59 47 27 36 39 27 46 36 25 41 50 28 40 19 22 30 62 22 24 48 24 54 49 23 30 44 15 47 33 50 43 26 48 25 31 28 19 31 47 51 21 28 29 26 20 34 47 26 24 29 47 37 43 34 45 35 53 30 49 35 43 30 40 29 26 33 29 37 52 32 32 36 42 29 32 25 43 23 30 19 34 38 29 19 58 
50 32 30 37 27 50 41 27 49 34 
47 30 40 25 37 25 42 26 32 36 48 18 34 53 34 46 44 47 22 54 30 33 39 36 49 
42 47 35 29 51 47 26 37 38 31 43 40 23 27 43 49 43 
24 22 28 42 24 
35 23 43 35 
41 44 35 33 
31 45 30 41 
51 43 42 34 28 34 57 34 32 48 46 46 37 48 
60 48 44 27 
35 50 42 31 32 
42 33 43 22 43 29 40 26 38 46 26 42 27 23 28 35 37 49 
26 19 26 29 27 36 26 37 18 16 24 36 28 43 33 37 23 35 25 48 17 30 28 41 25 41 43 39 45 25 25 18 28 39 25 40 26 29 27 39 31 37 22 
25 31 30 48 28 28 35 20 25 33 
31 23 21 34 22 23 35 40 48 46 
42 40 49 40 25 24 40 46 54 44 41 37 
38 40 24 53 29 44 47 47 36 43 37 40 21 23 31 47 28 37 39 28 47 37 34 31 41 
51 24 48 33 43 
47 38 49 29 46 26 38 48 46 32 38 47 40 40 42 29 41 48 37 39 44 49 39 54 30 25 28 54 37 30 
21 26 53 37 
54 48 56 41 46 50 30 53 47 42 20 44 44 37 30 40 52 42 
30 40 35 47 36 54 49 43 24 41 37 30 38 34 42 53 51 23 59 34 38 35 28 26 22 51 
34 42 29 48 
43 26 44 52 22 44 54 51 48 36 33 46 38 42 41 28 21 26 41 33 26 28 45 38 43 48 54 39 31 56 39 50 31 28 38 42 
22 29 47 24 36 36 37 53 39 53 36 39 22 22 34 34 36 25 42 
52 32 39 35 51 28 36 44 48 57 39 27 49 48 35 35 48 45 
52 50 19 26 42 21 53 46 30 53 
32 31 36 25 
46 48 29 53 26 
48 40 38 18 
38 29 38 27 
45 47 43 37 27 35 47 41 31 57 35 48 
52 39 34 29 22 22 48 33 27 41 40 29 50 18 48 51 49 49 42 
23 32 26 25 40 30 28 18 21 23 23 27 20 44 49 24 46 26 32 48 
33 56 41 35 
24 34 34 41 23 
21 33 34 50 23 21 18 52 40 27 39 28 50 46 18 17 30 33 35 51 36 63 27 47 35 18 30 33 29 25 54 42 26 44 29 33 28 47 29 29 18 31 
45 48 51 38 17 
58 50 37 49 43 32 23 30 32 34 33 28 42 51 35 30 54 48 46 43 29 52 17 18 19 30 26 47 38 28 26 
53 24 45 45 26 41 41 50 41 59 39 36 45 47 39 47 42 42 23 36 50 52 31 32 29 26 27 41 53 52 41 49 30 21 52 20 38 25 51 29 26 42 58 53 26 30 39 38 34 45 25 44 44 36 25 56 33 28 37 33 50 42 43 37 46 43 20 44 43 37 40 45 54 29 43 49 52 43 40 54 41 26 22 41 50 40 43 34 36 40 30 32 49 40 27 28 30 40 
29 27 35 29 
28 40 19 43 
41 33 48 28 45 
44 36 31 28 43 
47 46 39 44 
32 37 54 41 
50 34 44 50 43 43 39 40 31 41 44 27 49 38 44 19 35 38 53 46 40 47 51 22 28 25 51 48 
51 24 49 54 51 29 25 53 45 21 47 23 40 27 37 
50 35 29 27 53 
29 18 24 35 
54 15 53 42 44 35 48 46 30 49 34 39 53 33 49 37 52 38 40 28 48 44 55 49 23 18 52 41 44 35 49 58 50 43 46 53 31 33 20 53 39 37 44 47 
30 37 23 27 36 
43 21 46 44 38 39 25 35 41 35 38 32 51 44 47 27 20 31 29 29 28 46 24 47 
45 28 38 27 47 18 48 34 35 57 38 48 19 23 47 38 35 18 37 42 19 49 53 48 59 30 18 30 24 49 41 22 45 43 33 31 49 52 35 28 19 53 44 30 31 43 26 26 40 31 34 46 45 29 50 39 54 50 51 50 57 50 39 47 35 53 45 18 31 28 26 44 32 56 36 53 39 38 43 51 57 36 26 28 36 32 43 35 41 49 19 41 47 47 49 46 45 43 30 30 40 32 24 19 53 23 40 28 32 37 55 41 34 36 44 43 25 46 44 24 18 39 31 54 29 37 36 42 35 54 28 46 47 31 25 31 40 30 39 43 48 44 47 31 26 42 41 30 25 45 37 28 35 
38 45 38 48 
26 34 29 36 26 19 37 35 31 40 41 20 18 46 22 24 46 41 48 24 41 25 49 27 28 25 19 44 28 30 27 30 31 44 30 49 34 50 25 29 29 20 21 58 25 36 36 33 32 53 45 43 53 25 50 26 28 44 38 28 26 44 18 37 58 37 19 27 23 25 47 19 25 23 39 28 31 42 42 22 31 30 
41 50 48 37 40 
24 28 25 39 28 57 18 27 47 28 50 18 28 28 22 26 36 18 
26 32 24 30 28 34 25 35 25 45 34 40 25 50 19 33 27 52 46 26 21 46 25 28 41 
21 28 39 45 34 
25 27 38 46 29 28 25 35 26 25 40 40 39 37 44 42 48 36 30 18 21 34 19 24 36 27 50 32 27 28 29 27 17 26 40 51 19 45 39 53 37 28 22 33 32 27 45 28 25 31 18 46 32 33 47 27 37 50 54 29 27 38 28 29 34 35 34 29 31 38 52 31 35 39 38 37 29 54 33 21 17 52 29 45 23 30 25 33 28 32 39 53 25 30 41 34 
34 33 27 43 27 30 41 42 25 31 46 49 53 26 
47 42 47 46 
30 29 36 48 
41 32 42 35 39 17 49 26 25 38 39 47 27 31 30 
55 55 49 33 53 40 38 33 22 37 35 25 24 31 36 35 31 54 20 38 37 41 36 34 39 58 39 47 33 35 62 37 41 38 26 24 32 40 38 46 42 39 50 47 52 40 26 27 32 29 57 36 40 45 53 54 43 23 23 36 50 37 29 25 27 54 45 34 51 31 43 30 40 20 52 38 43 31 31 32 42 37 31 32 33 18 22 42 51 36 49 45 26 20 46 40 27 46 40 35 45 37 40 50 47 24 17 46 41 41 35 47 34 37 47 35 26 15 38 46 44 25 47 32 43 
38 46 48 26 54 32 32 23 50 36 50 57 23 54 51 37 41 46 45 26 37 32 48 44 39 29 33 39 38 39 22 32 29 37 47 39 37 40 42 54 58 36 32 37 41 41 28 47 34 31 44 32 33 46 20 49 44 38 49 42 54 44 35 41 36 56 29 43 
35 30 54 39 
33 29 34 39 
51 57 40 43 26 20 23 28 41 25 26 27 40 43 28 46 43 24 28 43 29 27 51 51 28 34 41 41 23 
28 26 46 19 17 53 55 37 17 47 41 
48 42 19 47 
34 21 18 54 
26 23 26 37 28 39 29 28 16 31 48 28 29 44 39 30 27 37 28 39 54 49 31 
45 36 36 45 
49 22 27 30 55 50 37 48 46 50 29 37 46 30 24 
32 43 42 58 35 31 44 23 27 54 31 38 38 47 30 
25 21 44 39 41 37 39 52 46 26 53 
49 38 39 34 26 53 31 28 32 44 45 36 40 47 48 28 49 44 38 38 32 37 29 51 32 37 36 33 30 24 
34 40 20 42 22 27 27 25 38 28 41 39 50 35 46 28 35 32 29 44 47 37 27 48 32 47 48 47 36 43 23 28 21 27 24 42 27 
25 30 54 48 39 
53 50 17 44 21 52 49 38 34 39 29 25 38 48 51 21 36 40 45 17 36 32 47 40 37 46 43 39 38 47 57 54 40 55 48 32 49 44 41 50 35 48 35 42 47 47 36 34 34 51 30 42 32 21 32 31 50 47 54 32 43 33 40 36 42 42 22 40 35 34 43 46 37 32 24 36 53 41 40 48 46 33 53 50 45 39 40 26 60 40 18 50 28 43 36 23 40 37 32 45 31 47 30 25 31 35 30 38 33 29 46 54 47 39 36 46 27 29 40 31 48 29 50 21 43 26 37 18 36 30 32 32 22 32 27 31 23 50 33 30 52 18 58 50 43 49 23 37 40 41 49 23 54 50 35 23 52 30 41 29 43 42 33 25 31 46 32 37 42 50 41 53 51 50 30 24 45 26 33 46 45 39 21 31 31 50 41 48 22 52 35 23 41 42 41 41 46 37 47 42 53 32 40 33 47 29 51 39 28 40 48 27 48 48 50 47 23 51 51 45 16 53 49 45 48 45 42 33 50 34 36 45 40 23 48 36 29 53 19 31 35 32 45 46 44 32 31 37 27 32 48 51 38 37 48 49 53 42 25 29 25 36 59 21 19 40 23 23 42 25 21 53 48 37 36 43 19 31 52 35 26 43 38 46 46 40 49 44 50 31 43 25 54 48 32 27 52 19 58 42 44 36 47 47 32 43 49 45 54 42 48 46 46 53 29 46 45 53 46 19 42 58 40 54 36 28 27 18 44 20 24 34 49 31 42 47 49 28 43 48 21 47 27 29 47 51 39 48 24 54 37 32 29 37 40 23 26 31 46 23 39 44 27 29 52 47 41 50 51 45 32 26 44 49 22 51 50 30 39 37 51 21 29 37 53 43 46 36 36 59 48 33 47 34 24 52 46 41 33 44 52 48 43 39 32 51 41 43 47 30 53 29 46 51 50 26 44 23 54 43 48 25 45 23 30 16 50 46 37 34 33 42 43 45 48 45 39 27 45 47 32 29 29 16 47 34 41 52 39 43 52 44 49 48 33 26 35 53 42 49 30 41 33 42 15 40 46 39 31 53 29 46 24 23 39 45 53 38 46 32 45 42 41 36 35 49 35 40 49 31 39 18 33 26 47 25 23 49 49 35 54 31 28 35 31 41 22 36 19 43 46 19 54 52 17 47 44 53 19 27 32 16 49 34 41 44 37 38 29 56 53 29 42 37 27 38 42 45 47 24 51 43 33 33 54 41 31 45 47 39 29 48 45 37 42 25 45 31 41 33 40 45 51 31 37 25 45 53 41 34 46 44 47 37 19 31 49 57 53 37 47 28 51 31 25 35 54 45 52 41 21 43 46 37 49 28 39 48 19 52 35 36 39 28 48 35 46 38 34 53 51 49 31 46 51 27 37 20 48 20 32 24 33 43 34 44 43 50 41 47 33 20 50 49 45 42 22 22 25 51 26 42 48 52 26 27 32 35 40 40 43 45 45 50 42 26 41 29 43 30 27 54 23 26 40 49 41 28 28 43 42 46 47 48 39 52 54 36 35 43 39 25 37 34 40 54 52 26 27 28 53 43 56 43 56 34 30 26 54 40 50 30 52 46 26 24 28 19 48 33 28 48 38 47 53 45 44 26 44 20 50 45 33 41 55 50 44 36 33 59 42 44 40 22 49 48 32 46 44 49 54 51 52 51 52 26 32 48 29 52 20 25 42 59 34 55 25 40 26 49 46 41 26 28 28 40 41 29 33 27 31 55 39 47 59 50 19 49 42 24 30 43 46 37 30 18 41 30 42 19 52 29 50 22 35 39 48 25 40 45 25 40 27 25 34 37 44 53 46 42 28 24 37 51 46 45 51 50 47 43 31 48 24 33 52 41 26 43 30 29 28 26 49 46 46 30 41 40 35 48 27 32 35 43 45 49 22 46 36 41 25 19 47 47 35 34 42 56 54 30 46 23 32 54 29 48 30 40 27 30 48 29 52 27 22 53 49 35 38 31 46 32 36 36 47 46 41 48 48 29 41 46 35 57 21 25 40 51 32 45 25 37 30 35 23 50 43 54 41 48 40 41 49 46 26 45 53 59 42 53 43 32 35 49 48 26 40 37 35 26 26 23 40 42 46 19 49 32 36 25 53 52 55 26 46 46 20 45 31 40 47 24 45 37 33 26 57 43 57 44 43 33 36 29 31 45 29 33 41 19 32 42 27 18 36 43 47 47 36 18 31 18 41 30 49 20 18 40 40 38 59 23 39 44 44 47 54 36 53 20 30 38 46 63 47 47 30 45 24 27 37 25 42 53 31 52 41 39 38 40 34 43 20 32 42 48 52 35 50 29 40 49 51 33 36 38 32 32 44 51 22 47 48 45 36 28 51 32 33 47 34 51 54 23 47 49 44 42 32 36 40 36 41 35 25 42 44 47 51 41 26 30 42 53 33 24 46 58 37 45 47 45 41 25 32 49 49 50 20 52 41 47 32 54 31 32 53 35 35 46 28 33 52 49 33 38 27 41 40 18 54 34 46 43 25 30 46 30 26 35 47 28 30 35 54 28 34 42 35 47 54 30 59 48 29 42 53 41 37 36 
43 28 32 35 
32 38 33 59 
44 42 45 47 38 29 29 43 48 35 15 
22 19 40 38 17 55 39 29 23 36 41 39 29 29 47 48 16 21 46 16 43 41 33 
34 21 32 25 30 
30 43 39 28 26 30 51 32 25 47 49 31 43 31 23 45 50 26 19 21 43 
37 42 36 44 
37 42 35 43 42 32 31 43 34 44 31 26 37 24 30 37 47 
37 40 42 38 19 46 42 36 28 22 31 22 35 26 39 46 54 38 
36 45 37 45 
45 24 30 24 48 
45 53 35 38 31 25 23 35 41 42 44 32 48 30 41 21 36 39 21 35 39 46 28 26 53 51 42 29 47 41 40 33 46 21 46 47 36 54 42 30 34 45 38 
39 46 39 32 40 21 30 41 24 47 36 31 39 22 53 36 42 18 44 30 33 45 24 46 39 17 49 44 51 43 36 31 40 33 54 42 45 20 52 46 45 23 31 30 29 37 28 29 50 57 27 41 26 22 51 27 56 18 47 33 48 50 54 22 42 51 45 43 44 44 31 31 43 49 42 29 28 23 40 34 25 23 39 41 36 46 33 37 26 25 28 47 46 30 15 27 52 46 32 24 26 18 32 46 44 19 39 33 41 44 41 32 
35 56 38 42 24 33 41 38 39 48 45 47 25 44 38 26 41 50 33 38 38 38 28 35 26 30 19 30 17 39 44 31 52 29 20 43 33 51 22 39 35 42 39 
21 32 52 49 36 37 19 39 23 36 42 35 19 34 
47 49 47 29 43 37 23 43 49 19 51 35 51 30 48 59 47 36 
53 38 19 47 
53 41 21 28 39 19 42 50 27 49 53 
50 44 54 31 36 42 41 37 49 32 28 56 20 22 52 26 46 52 19 30 47 36 43 31 54 48 18 45 43 35 29 59 47 59 47 25 49 43 58 38 23 47 27 38 47 16 51 51 20 52 42 31 47 44 48 28 42 43 46 31 42 50 29 30 31 47 46 46 27 32 43 43 
53 54 39 42 49 24 42 24 43 27 48 35 45 46 
42 28 40 34 
29 34 32 24 
41 23 50 38 26 
19 24 23 19 15 
36 17 19 43 43 42 49 47 36 30 37 19 39 37 18 35 42 21 39 41 42 24 34 41 33 42 42 51 25 41 36 35 46 18 51 18 37 16 48 42 21 44 32 44 29 38 39 30 42 38 52 35 36 25 37 26 50 44 24 42 25 48 55 25 32 48 25 40 29 24 53 42 35 28 35 40 27 42 33 37 34 40 37 38 42 19 39 46 33 30 27 37 39 27 51 48 41 56 27 37 30 17 29 35 53 34 48 19 25 54 19 43 41 37 28 36 47 20 36 42 31 46 44 50 20 26 33 57 50 28 36 41 41 30 40 39 19 38 53 50 35 33 54 53 46 33 17 25 48 41 38 32 26 43 53 21 35 24 35 53 41 23 25 39 36 41 31 42 33 30 33 28 22 28 28 47 37 37 42 27 31 54 49 47 54 26 35 33 48 24 50 34 38 20 31 27 36 35 29 44 54 25 52 22 27 26 49 46 21 26 45 50 43 43 36 36 47 47 44 43 39 36 43 35 39 45 25 21 54 23 45 44 37 38 42 44 26 38 47 43 40 40 34 34 47 42 48 44 41 42 27 46 36 20 17 44 43 56 49 25 34 49 34 21 27 25 44 27 38 39 40 47 52 41 53 37 40 44 38 44 
19 23 16 26 18 47 18 17 25 16 43 26 30 26 24 46 43 
40 49 25 52 
25 54 30 25 38 50 36 21 42 38 30 
35 40 21 53 30 37 50 27 26 25 44 42 37 45 48 36 48 27 41 46 41 40 35 28 37 40 35 42 37 30 26 29 40 46 43 32 37 33 45 16 35 51 32 40 40 26 33 24 35 54 27 44 43 47 30 36 54 41 43 27 29 42 41 40 27 44 34 39 27 22 37 43 45 46 34 31 28 25 32 32 26 41 33 21 31 
28 21 25 29 21 
45 47 52 40 43 46 41 29 22 20 50 20 36 53 47 34 40 19 39 31 47 47 36 33 47 42 34 44 27 46 21 
38 42 32 25 47 19 25 36 36 41 53 45 31 35 37 30 31 15 46 44 31 35 53 41 22 38 17 42 36 46 30 44 36 52 30 23 53 37 48 53 23 31 39 47 44 29 44 40 38 50 51 44 39 26 44 38 32 39 39 35 48 19 25 36 20 21 53 36 36 37 29 
58 41 35 35 45 35 50 41 27 41 24 54 44 26 47 19 51 37 42 33 55 57 32 52 54 28 30 43 31 54 30 32 32 33 34 36 47 44 
39 29 33 36 43 25 37 32 37 39 48 42 40 22 55 40 36 25 42 
42 50 53 19 28 53 38 46 30 34 25 
31 34 17 25 50 48 41 39 18 29 30 32 22 46 30 43 29 32 38 22 27 22 30 28 23 23 28 47 46 52 49 45 47 38 33 33 47 29 50 20 26 
31 36 38 53 52 31 21 45 58 42 25 38 31 32 
30 25 25 23 29 30 50 27 33 44 21 49 63 35 41 21 
25 50 45 26 27 
23 27 24 18 16 
27 33 23 26 38 32 48 21 49 32 
22 46 36 23 38 22 29 23 30 38 35 23 37 36 47 23 30 36 48 46 27 26 23 36 32 24 22 28 23 43 20 29 35 47 21 20 47 45 44 48 34 44 42 19 32 21 16 36 32 42 46 19 30 44 42 25 34 
54 47 35 32 47 23 49 27 41 19 53 21 22 40 35 
49 37 24 31 36 
29 46 27 53 26 30 31 18 25 27 22 26 
44 30 51 39 49 49 29 47 36 47 49 44 34 35 47 51 39 49 
48 16 51 28 47 23 40 23 22 49 46 29 41 53 52 45 
33 49 48 26 21 42 25 20 32 35 27 52 61 19 
56 34 48 38 62 46 37 40 42 43 31 37 27 37 
45 35 37 50 30 49 45 38 29 51 47 42 37 36 53 
43 26 19 30 35 30 49 39 48 51 45 40 
47 42 23 27 
38 45 28 16 19 19 35 45 40 42 33 42 
53 46 21 28 
46 48 33 52 35 28 43 33 32 45 25 53 38 50 51 22 32 38 52 29 59 36 42 32 36 34 38 31 26 49 54 48 38 48 46 32 34 29 49 48 31 
42 41 30 40 
47 44 31 44 39 46 22 30 17 31 26 41 32 25 
35 38 42 49 54 
42 46 48 31 53 64 38 43 30 43 24 54 37 37 33 32 19 24 45 44 36 30 28 55 49 46 22 46 
28 37 26 38 35 
23 32 45 25 
26 40 40 54 21 19 35 28 24 39 38 46 28 29 
25 32 37 26 
58 34 27 37 36 
41 35 17 20 39 
38 36 37 29 19 22 35 43 31 47 43 32 38 32 27 31 38 16 34 23 38 42 
43 41 31 39 26 33 33 43 31 35 40 28 31 32 40 23 42 34 37 46 39 54 18 39 31 28 49 44 32 30 24 25 30 27 48 26 40 36 44 52 32 39 48 49 48 28 36 44 44 31 35 40 27 36 53 23 42 39 34 44 34 44 35 49 36 24 34 27 45 29 26 40 27 29 29 44 39 32 45 40 19 39 35 45 22 26 16 32 49 22 35 35 53 37 43 52 44 36 26 41 49 48 18 30 44 49 43 32 45 28 42 20 19 52 38 48 39 31 41 49 47 20 26 32 17 45 28 44 25 21 25 37 50 45 35 45 38 
54 39 33 31 38 44 25 54 49 45 51 29 37 26 21 44 44 37 53 36 41 38 28 53 35 46 
37 35 35 39 17 
40 35 21 39 18 44 48 51 43 36 44 37 50 60 42 29 35 37 46 37 39 54 55 55 28 38 43 22 22 28 39 41 27 
58 28 44 40 33 36 55 54 18 48 46 41 54 42 26 41 28 45 39 35 25 49 21 26 59 25 57 22 45 42 36 18 46 50 39 47 47 33 33 45 
48 49 47 47 33 
42 45 38 24 
53 28 27 45 51 39 50 22 38 32 42 17 23 46 37 46 51 47 29 39 26 30 19 19 40 42 31 47 37 27 49 43 32 49 49 24 50 26 33 27 49 27 44 25 22 35 49 38 45 54 29 29 35 32 49 64 46 22 25 31 54 49 35 36 48 45 28 33 37 37 32 33 45 41 44 46 46 54 22 22 25 33 
36 38 34 41 28 39 35 26 29 39 45 18 32 19 28 23 32 25 24 
38 28 35 33 41 18 19 35 40 44 34 45 39 32 38 45 36 
32 48 32 26 28 
54 38 37 47 32 
51 48 17 31 44 48 34 19 31 50 34 41 28 27 40 46 49 45 59 29 42 41 42 52 42 48 37 29 45 
21 39 49 31 50 30 38 26 33 31 19 36 24 16 50 25 42 24 32 41 46 30 33 32 29 42 35 37 29 36 41 27 38 29 25 30 37 21 20 24 31 27 54 21 45 43 24 23 37 23 45 43 36 46 32 45 38 29 27 39 38 25 54 16 22 35 19 24 42 27 52 30 24 
21 22 44 34 40 30 30 26 39 37 44 29 16 21 27 42 38 24 24 35 37 21 34 29 37 46 36 48 49 34 43 23 27 42 21 48 19 32 46 22 26 18 22 34 23 29 50 
25 39 24 30 40 50 34 40 26 45 26 36 
37 35 39 32 
29 24 52 27 41 39 47 38 35 37 20 29 44 23 44 50 28 37 27 30 18 27 21 47 47 36 37 52 28 26 22 51 25 26 44 47 31 26 19 41 43 
41 40 25 24 18 48 48 30 29 39 49 44 42 43 22 47 35 42 43 43 
51 45 30 44 46 
41 49 46 41 
50 48 45 29 49 44 32 31 53 28 44 41 
54 16 57 45 34 
45 50 31 18 47 44 23 36 48 48 44 27 39 44 30 41 33 36 37 43 33 55 41 43 31 41 35 49 32 
23 24 29 23 27 41 42 45 34 29 
47 48 38 19 
57 31 40 18 52 59 56 50 39 45 30 34 43 35 33 23 31 34 22 46 51 25 22 38 43 19 44 19 33 31 34 26 31 44 50 28 46 23 46 46 
49 35 40 41 
44 26 40 46 
45 54 39 50 50 35 41 35 48 49 43 45 35 32 36 47 39 29 43 38 
49 46 31 41 37 
31 37 21 30 34 38 23 49 45 41 22 59 46 44 39 35 35 43 21 47 33 
31 28 23 34 
21 19 39 41 24 25 38 28 28 33 37 33 19 
49 16 36 41 
49 27 37 41 
54 43 36 15 55 31 40 52 19 35 51 39 22 
55 36 28 49 56 50 30 53 30 19 35 39 54 34 40 48 49 40 51 43 33 18 58 40 
38 31 40 39 42 37 32 42 38 41 42 25 17 38 52 32 19 36 37 63 53 24 27 41 25 40 22 43 28 29 28 50 52 28 39 40 43 44 35 30 36 26 25 36 32 42 38 36 32 28 46 18 58 34 34 35 42 29 55 46 43 25 37 48 30 25 29 48 40 19 35 27 30 31 46 42 24 30 48 29 46 45 25 37 22 41 38 43 27 32 34 30 49 30 42 42 23 18 37 45 59 21 39 43 39 40 55 32 16 19 35 47 46 32 33 43 22 41 52 29 25 17 36 31 26 19 48 44 49 31 44 25 30 52 31 40 40 42 36 37 43 51 24 35 58 43 31 23 19 35 41 39 17 36 35 52 27 35 35 47 39 44 49 39 16 19 39 48 50 33 38 26 35 44 30 44 26 43 45 21 34 31 26 38 18 29 46 56 36 28 39 58 17 25 34 36 51 47 27 21 31 25 38 43 33 37 18 33 42 37 36 58 36 16 39 64 22 17 38 34 40 35 27 50 35 39 36 58 37 33 58 46 50 35 21 38 24 32 45 22 48 38 26 39 37 35 46 38 37 27 34 44 54 53 41 21 45 22 37 
55 43 15 25 
26 52 41 34 34 20 36 41 20 26 39 33 
29 38 30 54 29 18 50 51 48 24 
49 26 35 41 37 20 39 19 57 31 49 19 23 36 19 50 
29 39 43 19 
20 41 25 32 38 28 22 51 47 59 20 18 48 44 29 20 20 20 50 
43 26 42 28 41 
37 41 28 35 38 48 34 51 47 42 17 36 50 32 33 29 43 15 31 22 48 39 31 
61 27 26 54 31 48 36 37 44 51 37 44 50 27 41 37 44 36 55 45 46 40 48 30 50 56 41 48 23 33 51 44 37 56 37 44 31 38 38 31 24 36 31 24 33 27 27 44 36 35 42 49 47 36 
44 26 41 39 37 22 37 37 41 41 43 33 42 41 30 20 15 45 36 29 48 31 24 42 49 21 
28 40 36 35 42 44 22 39 27 26 22 29 32 53 50 31 19 25 40 45 31 41 25 43 20 31 21 41 36 25 24 42 28 
54 36 50 27 
22 40 18 29 25 37 32 21 18 41 37 27 51 43 33 41 47 23 44 49 30 37 23 40 31 34 20 22 
23 22 17 26 47 50 56 21 29 32 20 22 
49 35 27 23 35 51 34 40 20 30 28 
59 37 40 24 
25 49 25 45 36 
39 30 29 38 
47 36 29 41 
56 46 53 27 42 
50 48 47 47 20 46 40 26 40 42 19 34 41 22 21 34 38 26 17 51 44 32 45 37 31 50 35 56 52 45 43 19 41 47 38 33 53 40 27 34 
53 38 50 43 
26 34 24 52 
42 29 37 40 43 42 49 30 31 48 42 31 37 46 39 39 40 42 23 52 33 33 22 28 18 48 28 47 26 45 44 27 51 44 44 52 46 54 23 44 47 20 44 40 
68 29 44 53 31 31 30 21 54 49 27 23 32 47 
43 48 40 45 31 51 40 51 46 41 42 51 40 47 30 43 35 32 30 29 58 17 22 39 48 48 35 31 37 40 46 31 24 31 35 46 38 42 15 28 37 39 54 50 42 17 44 27 39 47 46 58 38 51 43 41 27 34 47 35 25 52 41 38 19 50 36 20 22 46 27 18 53 54 22 33 42 19 28 40 40 45 49 40 25 38 53 21 23 36 42 41 27 
39 26 27 25 40 33 17 18 34 35 38 40 32 23 17 17 40 52 52 40 51 38 30 31 38 40 21 51 35 33 44 52 47 51 49 30 36 47 49 50 25 46 48 42 25 32 41 59 22 30 37 40 37 37 48 50 47 25 37 22 44 32 40 47 35 38 26 28 47 28 35 44 47 41 36 39 33 30 20 31 41 27 30 46 36 29 41 37 51 32 28 30 35 38 29 20 45 34 28 37 26 29 52 36 19 36 32 37 38 42 28 17 28 32 26 19 45 53 49 45 43 27 39 42 39 36 43 48 37 46 40 37 51 36 47 51 46 19 50 36 26 30 18 47 48 41 16 37 39 54 37 31 41 23 24 54 20 44 25 34 58 18 32 35 29 43 31 43 40 32 41 38 42 35 48 22 45 51 38 46 19 39 42 38 24 51 28 36 40 27 27 16 31 33 47 32 24 52 25 48 27 36 41 47 47 34 45 44 50 28 15 44 32 54 40 45 32 46 21 53 41 44 44 38 36 57 35 31 17 38 25 49 34 27 18 38 42 42 45 39 43 16 19 23 43 35 35 33 26 48 45 54 48 44 22 28 41 52 39 40 28 30 54 17 39 37 53 28 53 37 16 41 36 26 48 36 43 21 45 37 43 27 38 33 36 28 48 28 42 49 23 44 45 44 38 20 34 54 20 53 24 27 37 38 38 36 47 48 38 37 19 23 31 16 21 40 48 19 19 48 27 39 32 19 48 42 31 39 18 44 47 30 29 48 42 37 48 32 60 27 44 26 34 21 44 47 34 38 33 34 43 24 36 45 36 42 
37 39 52 50 
29 53 28 48 28 
20 35 45 20 
42 53 34 29 54 42 53 44 45 54 53 35 22 33 34 38 22 27 42 40 41 30 40 22 31 30 25 28 46 35 40 47 40 37 27 40 42 41 28 48 37 33 31 19 23 23 51 24 23 51 29 50 36 49 20 21 22 28 36 36 45 32 41 45 47 40 18 49 40 24 26 44 37 51 43 47 24 43 46 24 37 51 35 54 43 47 34 41 29 27 35 45 53 33 54 47 43 49 39 48 41 23 54 36 31 44 35 44 55 28 39 34 25 19 31 21 17 33 51 33 37 38 25 40 31 34 21 36 29 49 49 54 46 39 31 31 42 53 59 34 48 44 45 48 34 40 40 37 30 47 50 43 54 47 30 43 40 24 34 22 40 40 38 41 37 35 38 47 52 54 42 47 39 40 37 39 31 20 36 43 31 34 47 33 53 36 
28 40 45 19 42 31 29 54 32 33 22 36 
67 64 26 46 25 42 23 25 31 41 29 45 52 54 25 55 39 72 54 
55 41 41 41 23 24 54 32 40 42 39 47 32 27 
51 28 40 31 
20 24 39 51 46 37 21 49 46 24 36 44 48 22 28 32 29 39 18 36 25 28 46 35 33 27 45 20 29 18 42 52 34 32 35 39 49 31 43 54 38 30 21 39 38 45 
35 21 25 32 44 59 45 23 53 54 27 46 36 42 29 30 38 50 19 36 45 43 26 31 51 40 54 41 28 31 36 49 15 39 53 37 47 48 35 23 38 43 52 
53 27 50 56 
47 24 41 27 32 24 37 19 44 44 27 49 31 22 20 26 41 31 34 
52 51 45 38 47 33 43 29 48 45 42 34 47 42 32 36 43 53 49 33 48 24 54 42 47 49 27 32 45 48 53 38 44 50 52 46 33 53 48 31 33 34 31 38 
49 36 37 41 54 27 19 40 38 52 30 48 40 40 36 54 36 35 40 29 39 40 36 33 31 41 
44 32 17 43 42 50 25 23 47 49 40 35 46 38 31 49 23 32 41 54 39 18 51 26 26 43 39 36 40 24 26 44 30 28 37 40 34 43 45 30 36 32 44 28 46 38 44 40 48 48 44 25 38 38 46 42 45 
25 36 25 59 
28 16 54 31 27 
49 35 57 39 31 31 16 18 52 32 31 25 18 50 37 52 15 37 
34 41 22 30 36 34 26 35 20 22 48 31 42 21 26 41 42 39 42 25 38 20 24 16 30 30 46 20 33 39 46 29 28 45 41 36 27 56 36 28 32 34 24 38 37 38 35 31 42 32 30 38 31 22 28 31 24 43 50 31 33 42 
43 37 29 29 19 54 44 32 41 22 48 41 17 24 31 20 33 37 32 27 49 32 52 
33 24 37 36 39 42 43 28 41 47 33 33 41 49 52 42 48 51 40 33 20 54 36 37 
24 38 47 29 30 53 39 17 31 16 48 37 20 27 41 27 35 27 22 49 43 29 48 
49 51 44 52 59 32 53 28 52 22 41 
54 31 30 58 36 45 22 27 20 37 52 54 45 16 40 42 47 43 52 
26 38 24 33 
35 26 18 23 29 
37 35 42 18 
29 28 22 27 35 37 39 46 53 36 42 22 19 54 59 32 28 27 43 19 26 25 33 48 18 26 17 50 39 27 18 31 28 43 52 37 49 19 53 20 42 35 46 31 
58 37 38 51 25 49 47 28 20 36 
32 45 32 24 
39 59 44 37 40 17 30 28 32 46 29 52 52 53 26 43 54 21 44 40 42 33 54 38 25 38 41 43 38 33 28 35 30 21 27 20 53 45 41 42 30 42 37 39 48 53 45 35 38 23 38 38 40 41 46 49 47 26 34 47 44 32 31 39 44 23 44 44 35 41 36 37 49 27 38 46 48 35 33 29 41 28 51 41 19 35 27 41 48 34 33 24 37 25 
58 23 39 39 49 58 26 47 42 50 47 43 46 37 59 27 36 40 29 50 37 25 37 27 35 31 28 52 21 28 32 35 38 17 23 37 29 32 43 32 32 39 30 27 49 59 45 40 18 28 44 48 34 
43 29 34 27 33 
53 22 38 57 39 34 50 53 39 42 45 47 19 28 28 26 36 23 44 35 30 24 49 41 
57 40 53 42 
32 32 30 46 27 46 22 35 41 24 42 
50 52 44 35 
48 28 44 32 51 
31 48 43 33 36 47 19 27 42 51 25 32 30 34 31 47 55 20 38 45 38 45 26 26 55 38 38 33 52 34 33 49 48 29 40 32 37 52 30 31 43 
35 47 38 47 50 23 37 43 41 42 31 25 27 27 36 27 28 38 40 45 32 44 31 40 36 31 27 25 44 33 40 24 47 44 29 36 26 48 24 43 
26 17 47 31 34 41 34 40 46 19 44 29 28 23 38 20 42 
55 50 31 40 40 44 26 53 47 21 40 26 
50 50 22 30 45 58 26 50 54 37 52 32 49 47 51 43 
44 43 38 23 25 48 44 23 50 35 32 38 45 42 48 44 42 48 
51 24 54 46 36 46 26 42 24 41 18 32 18 
52 39 50 36 47 
39 42 53 28 
32 37 53 39 20 44 44 32 22 48 41 40 38 34 28 40 47 54 44 26 26 25 21 21 
46 45 42 37 49 32 42 59 27 34 30 27 37 34 
59 35 42 22 
59 42 40 43 
49 38 58 45 42 42 45 56 46 47 
41 42 52 53 41 
39 33 37 37 28 45 50 46 32 19 32 26 23 37 42 40 45 41 51 29 29 46 32 30 34 44 24 32 46 49 27 50 52 22 43 38 36 36 54 53 38 32 47 18 41 47 50 47 43 36 32 50 43 32 24 26 37 38 24 26 27 25 22 44 37 38 29 29 19 42 35 22 31 41 18 31 41 18 48 44 31 27 36 38 19 19 27 44 44 19 53 38 35 50 31 51 40 41 43 33 32 43 33 32 39 46 29 50 34 24 24 50 35 48 40 49 31 36 40 39 53 44 42 28 48 25 27 39 54 32 42 30 32 36 51 36 18 41 41 45 19 26 30 28 24 28 32 32 31 22 54 41 54 49 21 30 37 45 27 33 43 56 43 34 54 50 38 26 29 32 35 48 25 59 41 40 35 43 54 18 41 47 51 30 52 30 35 30 19 47 23 40 43 22 32 44 58 47 26 30 43 43 20 30 56 41 34 27 40 43 37 49 28 36 34 48 54 39 37 35 37 44 30 42 45 24 28 41 37 28 26 34 33 43 39 42 39 42 49 48 33 43 19 15 23 38 38 40 45 36 42 44 18 27 21 39 22 26 35 35 36 22 35 36 30 31 45 40 39 36 38 33 39 51 30 44 42 27 30 41 37 36 48 22 48 54 44 28 25 44 33 43 56 45 47 56 37 33 49 40 49 39 19 42 23 48 30 47 38 35 21 24 35 48 30 33 32 45 34 34 42 48 21 35 41 41 35 40 23 45 44 31 39 31 50 32 47 50 54 22 24 42 35 29 30 39 53 35 36 46 33 19 25 43 51 39 41 31 52 29 36 54 38 30 42 49 16 48 21 51 32 44 30 39 34 33 29 54 42 43 51 25 32 31 31 55 43 52 31 42 38 43 24 45 38 28 44 32 43 34 20 29 19 34 17 43 35 42 27 54 31 47 51 43 37 45 17 45 31 22 48 50 19 28 38 43 34 47 21 19 31 25 17 38 47 52 31 37 28 50 40 46 40 39 34 37 24 41 20 33 47 31 35 57 35 32 30 33 49 25 40 44 28 43 44 49 45 39 40 36 40 52 30 23 40 37 44 39 41 41 38 46 24 35 49 53 33 
41 44 34 35 45 26 47 38 49 37 23 40 49 49 49 36 30 31 46 42 25 47 39 44 46 23 41 47 39 55 44 30 41 48 30 25 32 51 42 41 41 20 50 38 42 34 33 26 43 47 46 28 32 53 34 53 44 45 42 46 26 46 52 
45 38 52 41 42 29 44 40 48 21 35 
57 35 55 30 27 45 55 50 21 35 31 32 51 32 30 34 
35 41 32 41 40 51 42 51 35 28 29 47 47 30 43 27 31 27 
28 29 36 27 
52 37 45 39 38 43 34 49 31 50 32 
50 48 41 40 31 44 47 33 26 45 49 49 56 29 52 50 30 39 
50 29 34 49 33 44 28 54 49 41 42 23 48 30 34 
38 50 42 45 30 37 27 26 26 28 44 47 47 31 37 39 30 29 45 22 41 41 35 20 50 47 41 37 
22 37 42 38 
34 44 22 37 43 31 26 39 35 34 36 29 23 25 
37 45 29 45 49 28 28 49 50 44 35 44 50 51 46 30 41 36 26 34 20 21 38 44 51 36 46 
57 33 44 30 
29 25 47 37 32 54 47 29 35 26 38 36 42 23 25 24 28 40 44 31 20 41 37 41 30 37 52 28 22 46 30 47 27 31 53 31 35 24 49 48 35 38 42 21 27 46 56 21 44 39 53 52 23 37 32 20 48 41 42 42 25 44 53 39 46 29 31 24 42 32 27 32 42 27 48 31 23 20 25 25 35 41 40 23 50 
43 55 39 26 
25 44 33 35 37 
51 41 26 50 27 36 27 24 55 35 30 39 39 50 33 29 42 44 39 34 58 40 35 40 38 47 20 32 46 43 43 37 28 25 42 29 32 36 43 23 42 50 37 40 31 34 41 27 58 37 41 55 50 40 39 34 43 37 48 32 43 28 37 37 35 51 54 51 36 36 40 41 49 27 48 37 46 23 50 59 33 21 38 28 36 20 29 23 32 35 35 21 48 40 44 34 42 57 43 50 48 43 53 47 38 40 26 47 35 51 26 49 42 26 54 45 30 36 49 48 39 43 43 58 43 30 53 43 43 36 24 51 49 42 34 54 38 33 46 54 36 28 29 39 53 41 27 47 47 55 30 48 31 40 36 41 40 38 40 41 26 50 32 40 48 30 41 53 32 37 26 38 34 27 56 32 24 27 35 35 48 22 31 61 39 48 44 33 44 50 44 37 45 43 41 50 30 47 35 40 45 49 24 42 27 36 42 47 42 44 29 44 42 31 52 21 49 49 44 52 54 29 53 22 42 32 52 53 49 43 49 38 42 38 39 31 30 52 25 31 39 30 50 44 38 49 51 43 50 41 34 49 39 37 48 43 51 33 41 51 31 44 47 58 47 43 32 50 33 47 57 38 38 26 38 30 35 57 37 24 58 37 29 28 40 50 40 30 40 43 54 40 28 47 42 47 47 44 32 41 25 25 44 21 26 48 45 33 37 47 26 28 41 52 35 26 41 42 48 50 57 36 45 27 39 54 49 37 33 34 38 53 33 36 28 30 45 38 28 48 34 46 31 41 48 31 21 41 42 33 44 31 50 46 59 39 49 39 31 23 45 49 33 28 
31 53 34 49 
27 32 36 23 28 31 33 38 29 21 59 49 25 44 35 34 30 32 32 21 34 35 50 32 31 38 24 21 22 28 41 53 38 23 30 39 42 30 37 32 43 40 45 49 34 32 23 31 26 33 45 31 40 23 27 22 41 21 58 25 31 35 37 45 44 26 43 22 54 26 43 45 45 28 27 39 47 22 26 44 35 31 43 37 31 44 23 25 57 53 39 26 28 48 50 42 32 28 28 35 24 36 33 27 38 38 30 34 30 35 27 33 21 21 29 35 50 33 55 33 22 28 20 33 30 22 49 29 23 31 35 37 26 41 39 42 35 33 33 30 21 29 48 29 46 26 44 33 28 26 51 31 53 31 35 31 26 43 54 40 41 29 42 51 28 43 25 27 36 32 28 42 35 45 32 44 30 31 20 30 28 37 48 38 39 37 27 57 46 22 48 26 44 64 32 26 44 32 47 40 33 26 36 39 21 35 54 37 29 28 20 23 44 24 26 35 51 40 39 43 33 29 32 50 49 33 25 44 44 43 28 29 35 23 54 34 33 39 25 27 23 34 27 25 23 24 29 47 33 46 24 30 31 30 41 37 43 45 20 49 29 53 47 25 36 33 43 30 48 24 39 49 30 42 36 23 25 28 30 36 39 43 24 47 52 24 25 33 37 28 40 23 41 28 35 29 26 39 25 39 34 51 31 38 25 38 27 41 36 47 23 48 23 26 29 43 26 41 26 26 41 29 51 22 33 37 42 26 21 31 27 46 32 
24 45 37 44 43 31 29 24 23 42 49 32 45 47 51 23 36 22 34 34 27 41 29 42 47 23 22 
57 43 37 37 
37 27 40 47 
40 26 31 39 39 38 32 37 42 43 39 32 44 43 48 36 25 39 35 31 
54 28 47 48 51 29 29 50 29 35 29 28 29 44 41 35 42 51 49 38 51 43 45 40 45 51 43 41 41 28 47 27 37 32 46 30 40 26 39 41 31 48 43 26 43 33 45 46 47 50 45 49 49 33 45 41 40 45 46 51 52 28 52 54 54 44 52 40 36 37 36 48 22 33 42 31 49 50 32 23 60 50 45 30 36 30 43 45 36 43 41 31 41 
45 57 42 47 51 25 22 48 30 43 51 20 42 32 
32 44 26 35 42 
51 25 29 35 
53 38 50 40 
54 31 30 40 
25 44 35 48 42 41 46 43 45 32 26 53 34 48 21 22 42 49 48 25 45 
27 41 34 33 
48 37 43 29 42 46 48 52 57 31 
23 26 27 62 50 51 29 35 30 46 38 41 37 20 51 43 33 38 31 
54 39 41 40 
21 27 25 48 30 27 44 22 39 34 32 31 45 39 
32 37 43 35 49 30 36 28 31 29 46 20 27 36 31 49 49 24 49 40 36 32 
29 34 22 39 
58 28 22 53 32 33 45 57 34 36 51 41 31 48 47 32 40 31 49 29 54 39 51 35 28 25 42 52 57 35 46 27 43 55 45 26 49 49 37 39 41 32 26 44 33 28 33 43 
38 48 51 33 
26 42 37 34 38 30 38 39 25 29 42 51 28 34 49 25 23 27 30 35 25 32 34 48 24 56 28 30 34 21 21 21 35 30 41 22 21 21 49 28 24 27 28 21 56 45 33 47 50 23 21 32 38 46 28 47 46 25 38 40 49 48 40 43 45 31 30 21 23 27 25 49 20 26 40 58 48 40 23 28 48 21 53 26 21 35 49 56 33 27 47 32 31 22 26 27 32 37 32 51 27 41 27 27 46 42 38 39 21 32 26 49 25 26 33 28 40 31 47 44 41 25 42 29 36 26 41 23 45 36 35 32 35 29 27 48 22 30 47 44 23 51 29 33 23 26 48 25 37 29 46 33 25 21 29 39 29 22 40 32 48 22 29 43 26 25 37 22 39 46 30 34 53 20 33 47 28 44 55 23 45 30 27 34 48 46 23 37 27 42 35 32 24 52 39 21 53 22 30 33 45 52 28 23 35 40 21 35 27 34 30 58 50 43 25 44 22 43 38 32 47 26 30 32 20 31 39 27 52 25 43 33 32 33 26 30 34 30 41 48 28 24 50 37 46 30 43 52 25 21 33 43 31 36 22 26 28 43 31 24 28 31 30 36 40 50 45 31 33 49 29 29 33 30 38 34 46 51 29 25 28 26 41 37 22 38 27 24 36 26 33 22 34 35 31 33 51 25 48 34 46 23 48 35 53 38 24 45 32 44 39 26 38 26 38 28 56 24 20 32 46 52 53 44 20 25 27 33 45 48 26 52 47 33 25 28 24 29 27 33 45 25 27 44 29 28 46 42 28 45 34 28 27 32 46 38 34 42 28 53 59 47 37 29 36 42 25 35 35 35 53 31 21 28 41 35 48 24 21 44 47 32 29 47 39 35 25 35 57 23 43 47 27 36 20 20 24 46 44 25 41 54 40 23 29 27 28 34 52 53 37 37 25 39 21 39 23 43 55 26 44 29 52 23 40 40 24 22 32 39 32 27 36 27 33 33 35 51 48 38 20 24 38 36 47 29 38 47 40 34 46 46 40 52 34 48 27 41 29 36 51 29 26 53 25 53 50 23 44 51 41 25 20 25 49 57 59 25 41 33 26 33 35 22 54 38 27 30 34 33 31 29 48 41 44 34 25 57 29 39 26 33 37 32 24 29 47 49 34 30 37 36 59 36 22 33 37 48 23 27 35 50 26 44 49 44 48 24 27 25 37 34 26 55 26 29 31 26 44 32 49 20 28 44 44 50 30 36 28 27 30 39 41 28 29 54 28 25 33 39 36 43 24 21 35 38 43 24 24 36 51 33 54 37 25 40 49 37 23 27 35 25 24 25 31 47 46 32 23 32 48 32 49 23 26 31 30 27 35 26 38 28 36 36 50 36 40 27 25 50 32 54 37 29 20 21 59 31 26 48 39 32 30 46 36 41 20 39 25 21 56 42 29 41 22 27 25 28 25 30 20 31 42 50 30 23 33 29 32 34 28 41 24 33 40 33 29 44 32 30 42 22 48 43 24 49 22 22 41 39 39 39 42 23 50 36 44 36 41 42 54 27 37 44 48 28 38 35 20 27 26 28 39 30 32 25 46 37 41 28 20 22 58 33 52 40 26 42 43 43 25 36 43 26 35 51 34 22 41 45 27 31 38 40 46 28 21 44 21 45 22 30 29 51 37 49 33 29 34 38 40 20 32 46 56 48 49 33 25 38 35 44 31 44 39 30 26 47 44 26 31 57 25 21 23 21 48 49 22 33 25 30 41 44 32 46 37 24 47 38 51 31 34 39 49 39 20 50 21 48 27 21 45 30 37 20 39 36 20 25 46 22 32 38 34 44 52 37 42 29 35 44 32 51 37 23 44 27 32 48 27 43 45 32 20 33 38 29 32 26 40 48 43 41 36 42 27 30 26 31 30 25 54 42 37 20 36 25 22 20 26 26 24 50 30 43 48 29 22 49 22 35 38 25 31 47 22 21 47 28 38 32 37 39 34 35 30 49 22 33 23 20 36 29 44 33 30 34 32 45 21 32 45 39 34 36 39 37 29 27 45 24 29 
27 43 33 39 28 
23 35 36 30 
35 29 28 47 30 41 35 27 52 42 39 46 27 47 48 
47 38 36 40 38 28 56 51 45 40 37 42 45 36 49 48 47 39 51 44 38 30 36 44 20 21 46 41 50 52 35 35 
46 39 59 30 31 32 32 21 58 37 39 24 28 36 31 58 30 27 31 43 49 36 40 41 26 46 43 25 21 44 51 20 38 37 21 
61 49 38 48 
31 45 25 31 28 
57 20 48 32 31 56 38 47 32 34 51 49 29 41 28 40 22 30 45 42 53 41 43 44 28 23 34 49 27 43 53 41 
47 42 31 49 
50 28 30 31 42 33 50 29 20 45 35 44 47 41 40 45 32 47 25 46 37 25 41 51 29 37 40 35 25 40 51 27 42 33 43 29 25 36 37 41 21 39 42 21 33 42 35 43 33 46 42 36 43 25 28 53 41 49 53 45 40 57 25 21 49 48 54 33 24 42 42 38 46 25 28 46 49 45 29 54 31 49 27 52 37 43 49 30 23 48 29 45 57 43 35 27 52 51 49 46 48 20 31 30 26 33 54 36 49 42 45 34 49 52 46 25 32 46 42 31 44 58 22 31 53 44 24 21 42 44 51 38 45 50 28 26 34 42 
52 38 42 25 46 47 36 50 52 53 46 38 42 25 30 52 41 50 45 20 46 40 27 43 29 36 40 28 32 30 53 47 40 45 48 34 43 39 49 40 50 36 53 53 26 52 44 33 44 45 33 40 43 32 31 27 42 32 32 41 45 47 27 51 40 28 39 26 38 30 57 38 30 40 33 30 52 42 43 43 41 40 36 29 24 43 37 37 35 49 32 49 30 29 45 42 34 23 43 30 49 43 54 45 37 50 43 42 55 23 35 27 44 51 40 53 43 47 51 32 52 46 40 44 43 31 45 52 55 40 52 31 38 50 22 44 20 33 27 43 26 48 41 50 48 49 38 41 27 39 43 31 42 47 53 32 38 37 
57 33 41 49 29 23 45 42 44 52 24 58 39 
30 47 25 21 
26 22 28 40 
54 52 48 54 38 
46 37 33 54 35 52 34 55 46 26 
31 43 30 21 28 39 41 40 46 42 48 26 30 35 42 46 50 35 30 28 42 39 47 40 34 34 22 30 42 54 25 33 30 38 35 36 42 59 51 48 27 35 28 45 45 35 24 43 
58 42 32 27 
33 22 20 20 49 45 34 51 31 41 39 33 30 34 58 22 36 41 29 27 41 24 43 39 27 25 34 27 49 23 49 29 47 34 52 21 30 37 
40 48 35 53 43 27 31 49 36 44 38 41 46 28 26 28 35 54 46 40 42 36 24 33 34 37 29 32 20 43 62 42 46 27 42 45 44 49 44 35 37 50 49 33 46 39 24 31 36 26 31 44 39 31 24 54 31 43 46 28 40 39 49 51 39 
25 43 20 22 24 35 29 31 28 30 25 35 31 32 35 43 26 46 43 48 33 40 26 55 42 28 23 29 27 28 25 29 54 30 25 37 51 42 28 49 47 23 27 41 47 
59 41 34 49 25 43 39 42 37 40 27 53 37 38 29 43 46 25 40 27 29 25 44 36 51 38 32 36 44 28 45 24 38 33 39 54 45 43 28 27 39 49 31 
52 28 49 46 35 45 30 53 43 35 
55 27 39 42 21 40 22 42 45 55 35 39 52 41 41 46 32 
32 42 40 20 40 33 25 27 40 53 35 
34 35 43 42 50 25 49 40 25 25 29 46 23 44 37 51 
48 49 31 30 44 44 26 38 59 54 32 27 34 45 38 42 
26 36 29 39 46 
65 44 27 33 53 74 38 31 38 54 
20 24 22 20 35 
51 48 40 50 37 27 52 28 36 48 54 52 39 48 34 21 29 55 35 57 28 34 
43 37 37 38 
46 50 43 30 
56 55 54 36 32 31 25 55 31 55 43 
29 30 22 44 43 49 31 55 30 30 44 42 40 28 
29 23 36 49 36 37 32 29 21 54 25 44 26 33 28 22 26 44 38 29 44 31 27 41 
52 29 40 38 
31 21 36 41 33 
45 34 44 37 37 43 29 37 40 47 23 35 46 41 47 37 26 49 50 
56 34 47 50 40 36 34 42 41 42 49 
28 22 34 32 35 49 31 34 53 36 31 25 45 28 26 21 53 26 38 42 30 47 30 47 54 39 29 
66 36 52 26 47 40 53 27 51 74 49 52 23 48 66 29 20 71 51 56 59 73 52 68 35 32 
50 25 24 43 36 26 49 43 49 54 48 49 26 53 
28 44 23 31 
27 54 40 25 27 
54 34 34 20 34 
48 20 45 42 45 41 58 29 43 54 51 29 54 38 32 37 35 42 35 36 49 30 54 45 
53 22 28 40 28 
40 24 24 43 29 31 47 30 44 23 31 44 30 
54 33 27 41 51 45 44 57 46 40 54 20 50 54 42 36 43 51 48 34 29 52 26 48 54 44 31 36 
67 48 45 71 41 
48 27 22 31 54 47 29 42 43 38 
49 47 31 38 25 
45 35 49 55 56 54 30 45 25 29 40 36 48 
32 32 41 27 53 35 28 24 45 26 27 22 
57 41 32 34 27 52 42 36 43 44 33 48 21 
43 37 39 30 40 31 40 52 33 37 31 33 49 33 52 44 34 
61 34 44 52 49 48 39 34 51 36 42 50 48 25 45 31 46 37 31 38 51 38 27 40 43 31 30 44 32 51 32 33 
25 43 27 38 
45 36 27 24 40 26 34 29 46 38 34 31 29 36 32 32 40 44 29 36 52 46 35 
31 38 38 53 26 30 31 26 41 55 51 
57 41 31 41 
58 42 31 40 33 28 42 39 45 52 35 39 31 
32 56 47 33 
56 44 37 48 25 25 30 35 41 42 52 40 44 31 54 49 23 45 31 33 30 35 34 52 31 20 28 40 
30 20 20 48 
31 33 48 31 37 28 31 32 28 49 29 25 59 
27 30 52 31 
21 38 21 24 42 
51 29 37 33 39 48 37 52 43 21 36 46 49 42 39 60 54 49 35 27 33 38 43 49 39 
21 22 22 32 38 20 52 24 23 53 24 37 28 30 20 53 24 23 33 22 33 40 37 30 49 53 29 
49 37 26 52 
56 47 43 26 49 
39 23 32 36 40 
47 54 42 57 34 35 50 39 42 28 45 29 37 39 38 53 45 32 37 31 37 49 38 30 30 41 34 38 47 49 60 42 41 
29 42 36 47 35 49 28 29 45 44 35 30 34 30 
31 39 32 50 36 31 30 52 29 40 42 37 33 44 20 
47 33 28 27 43 46 31 35 43 40 25 44 26 34 44 
48 33 30 29 58 52 23 34 42 48 28 43 27 
44 50 53 35 32 
48 51 35 35 44 44 47 35 24 46 51 36 35 39 57 27 51 38 48 28 46 31 38 44 35 42 23 58 43 53 48 34 43 32 28 41 26 32 43 26 34 42 30 49 57 50 47 26 42 53 36 49 41 32 42 41 38 45 46 48 24 30 47 40 20 55 36 31 48 45 42 22 48 35 30 53 52 48 38 48 23 39 44 44 44 54 42 46 35 32 43 52 38 22 50 25 30 55 49 27 43 45 24 44 41 37 34 36 43 38 25 40 43 30 46 25 34 27 20 41 38 53 24 37 31 27 46 37 45 29 29 48 55 46 51 53 46 35 38 36 44 34 23 53 47 33 43 53 35 38 41 35 52 42 
32 39 43 32 41 30 31 21 39 35 27 28 52 33 26 33 33 
48 46 47 55 40 21 33 32 46 28 33 42 34 42 26 48 26 30 47 35 41 29 41 41 34 43 37 32 32 36 46 33 32 48 
52 39 42 34 
52 33 40 45 53 49 57 32 30 48 33 46 24 40 44 
49 30 24 49 32 43 50 24 33 43 35 43 41 52 35 28 25 53 
24 32 39 40 
43 54 47 35 
50 36 45 46 48 47 47 42 47 45 34 41 33 45 30 30 24 43 
26 28 29 54 26 
54 54 48 33 34 44 53 47 26 56 39 54 32 34 31 36 39 27 48 27 23 33 30 45 43 44 31 39 43 41 36 44 51 51 51 48 54 35 21 42 29 46 37 48 40 44 45 49 33 49 37 46 25 25 47 33 40 31 44 41 46 49 48 53 39 28 49 49 36 51 45 54 43 34 41 48 43 28 40 30 58 43 47 34 44 42 30 37 36 32 25 41 43 44 25 34 24 48 33 40 44 43 39 32 36 52 29 47 48 42 37 52 35 28 46 54 30 
46 42 23 28 36 47 40 44 29 41 36 56 
37 29 38 54 29 36 47 44 26 52 
31 49 28 37 40 
57 38 26 44 33 50 36 38 31 52 45 30 32 28 28 50 34 40 42 51 49 37 50 47 36 32 38 36 54 33 30 40 38 43 43 27 58 46 53 34 21 36 35 43 31 29 
50 54 30 30 42 46 53 28 41 47 53 43 22 35 37 41 36 48 43 51 51 41 50 53 30 43 25 37 37 43 44 42 44 50 49 
45 43 30 35 
56 30 41 24 21 
47 35 43 30 37 31 45 31 42 34 34 54 31 45 42 45 29 51 50 25 30 
58 48 51 34 44 37 44 30 42 34 47 44 30 52 25 48 54 45 25 37 48 33 54 32 38 30 34 
54 44 26 29 38 
35 36 34 38 
25 22 30 31 
37 39 50 35 
27 26 49 26 
45 49 44 38 51 54 23 40 26 25 51 51 38 31 32 30 40 56 
49 47 34 41 54 
57 41 30 36 50 25 44 43 48 46 23 33 35 39 44 35 26 34 40 23 54 35 
50 40 35 34 27 47 31 53 33 52 42 37 24 23 44 40 33 59 32 43 50 22 42 22 45 22 46 47 41 44 45 29 49 25 57 42 29 48 26 31 52 25 47 54 37 51 43 
28 27 29 27 33 30 37 33 51 28 63 22 37 41 36 
50 23 37 51 
49 51 37 45 43 46 31 35 54 24 24 43 34 49 34 44 20 47 39 37 34 29 47 54 21 49 38 35 46 29 33 46 31 24 44 38 34 43 48 41 29 29 22 50 34 35 31 35 40 32 40 22 46 24 30 30 31 47 44 48 43 54 41 25 54 49 49 47 57 35 25 45 27 33 27 43 28 38 38 44 21 44 45 50 31 32 38 25 50 50 44 42 26 29 43 40 53 30 50 26 43 54 42 39 36 49 43 38 34 52 45 27 45 32 48 33 38 40 21 37 39 48 27 33 40 35 30 37 38 30 25 41 44 44 40 48 40 47 21 52 35 33 34 34 50 26 33 57 43 48 34 25 29 47 53 31 34 36 37 36 39 35 31 39 36 22 55 24 41 46 27 51 46 37 41 33 49 53 27 57 52 54 30 33 31 32 43 24 45 29 38 43 37 34 53 29 33 47 30 43 35 40 45 29 38 21 27 34 20 31 39 49 42 41 38 26 39 47 44 33 24 35 41 26 22 36 47 44 35 29 40 26 46 40 23 34 32 21 33 47 37 27 52 31 48 24 48 42 44 22 43 33 44 38 48 49 38 30 27 39 38 28 51 29 47 50 38 50 37 26 40 38 34 37 42 44 37 45 32 
28 22 31 31 48 43 27 30 32 38 22 29 30 26 26 32 55 46 28 45 37 40 56 35 27 45 45 46 26 49 43 41 20 50 24 23 32 37 32 27 29 34 21 38 40 21 35 43 48 37 32 35 48 39 26 50 36 53 28 54 45 24 20 39 31 29 30 44 26 49 52 28 22 23 28 45 26 39 48 29 30 48 29 40 30 45 31 21 29 29 20 21 24 45 25 28 35 26 30 30 35 24 51 40 
23 37 40 44 36 
69 52 41 26 55 
55 54 35 40 35 40 39 40 45 35 48 45 40 34 47 47 53 32 39 
53 36 50 27 50 48 27 20 25 52 32 35 41 42 38 46 52 22 44 27 25 43 54 31 41 34 49 25 35 
46 46 53 36 47 22 45 46 34 26 53 28 38 31 36 47 40 59 45 48 30 47 34 25 34 47 23 43 39 37 50 40 44 58 34 49 49 24 39 24 30 25 35 30 47 49 
52 46 46 51 26 50 32 46 48 41 33 51 32 
57 46 59 38 32 49 31 31 39 53 35 52 49 33 46 42 38 43 42 44 33 48 25 29 40 43 37 36 39 26 49 40 
68 64 26 36 59 
58 34 51 27 28 48 44 40 45 38 38 42 37 32 35 52 51 40 36 30 49 40 47 48 28 40 27 51 54 32 35 41 44 36 30 21 40 43 42 43 37 35 52 
24 36 39 34 42 31 34 42 28 42 40 
55 46 32 43 
56 27 35 40 
57 39 54 23 33 46 35 33 33 29 38 36 54 53 28 35 39 46 20 44 33 30 25 37 26 49 55 21 46 35 29 37 23 33 36 27 35 53 41 45 42 
53 54 45 35 33 
53 54 36 42 22 
30 45 39 39 22 35 23 27 22 27 48 38 41 30 34 29 49 32 35 34 37 35 34 37 37 41 30 47 46 33 29 34 32 36 46 36 45 45 25 54 20 31 38 32 32 36 45 24 21 20 46 22 23 35 53 33 58 46 21 32 30 34 35 53 39 31 32 34 35 36 28 30 48 45 26 31 38 29 24 24 27 30 29 33 33 32 20 28 27 34 34 30 26 32 20 23 26 34 21 21 
57 39 54 48 
51 27 45 25 
58 49 53 33 
59 37 51 31 24 39 57 52 30 33 50 33 54 47 29 39 28 48 31 36 30 37 45 37 34 28 39 49 22 61 53 28 36 62 53 48 32 31 52 45 49 26 52 46 37 28 25 35 39 48 49 26 30 26 28 32 32 33 31 28 26 39 48 23 32 38 54 39 26 51 39 49 47 33 56 50 25 24 39 25 20 35 54 35 38 36 37 53 25 54 50 39 34 35 33 30 58 31 49 35 38 33 26 39 52 37 50 37 39 22 49 28 51 21 48 53 35 25 24 48 49 57 36 49 47 50 27 28 57 24 22 49 51 28 51 31 38 37 35 53 46 30 34 54 26 33 46 53 47 34 34 47 55 35 20 35 38 28 23 48 37 30 24 47 26 31 23 56 46 56 26 48 32 45 55 45 21 52 38 36 45 30 52 22 51 24 31 31 35 23 53 47 32 59 37 36 46 52 50 45 45 25 31 52 59 52 34 53 21 24 53 46 51 36 25 28 54 46 52 36 33 56 34 34 36 31 32 33 53 49 51 28 35 28 48 27 26 25 54 47 52 45 45 37 49 31 32 34 54 29 49 33 25 51 36 23 32 27 56 24 54 24 49 28 37 47 32 32 54 30 39 26 58 52 26 36 54 53 32 45 38 50 54 49 49 35 21 63 27 33 38 32 53 49 47 46 22 24 48 26 33 36 25 54 38 35 50 48 51 29 30 38 53 31 37 54 20 50 50 25 38 48 28 51 48 24 46 26 49 48 33 51 47 30 32 28 57 31 39 33 31 34 45 57 59 52 48 45 26 21 27 48 61 48 52 25 37 46 50 50 22 33 34 56 47 30 33 49 22 58 34 33 47 46 29 45 53 32 59 52 49 36 27 48 37 23 21 31 35 50 27 38 54 55 33 39 30 39 28 51 27 35 45 33 23 53 54 61 29 50 51 29 45 22 27 28 21 37 29 30 46 24 47 35 38 35 46 33 34 47 26 29 48 26 48 54 30 24 50 26 20 36 48 46 33 39 36 51 31 59 31 38 33 33 
61 34 56 25 45 37 37 32 30 50 34 48 54 39 46 48 26 39 27 48 52 51 46 24 28 25 49 36 47 30 52 31 34 58 46 23 48 30 30 54 33 23 22 47 33 25 36 54 56 35 20 21 
33 35 28 39 39 48 23 47 47 34 39 31 22 49 47 
26 29 20 45 30 30 54 26 46 24 46 29 50 25 29 38 30 47 26 39 24 35 33 49 53 35 32 20 34 46 27 24 25 39 29 
55 28 51 54 32 59 37 34 25 39 33 26 34 
51 32 53 24 20 54 36 47 39 34 53 54 46 46 31 
55 29 37 38 35 33 23 27 58 34 26 32 32 54 
49 28 39 30 37 47 50 35 46 51 36 29 46 48 27 46 45 31 49 30 38 29 58 49 28 45 32 46 39 31 31 36 37 36 32 47 47 45 37 55 25 54 38 39 47 24 54 36 29 35 35 46 30 38 38 51 48 45 33 27 46 34 32 28 33 46 
50 26 53 52 49 32 52 20 49 54 34 20 52 49 32 37 35 28 25 52 28 49 22 22 46 36 37 37 47 
46 36 39 47 39 56 31 28 32 47 35 35 49 49 45 36 48 25 54 30 34 39 37 37 22 
45 51 30 27 54 31 35 24 38 53 
52 29 37 35 50 
62 31 46 26 25 53 30 48 53 24 25 29 49 31 56 45 53 47 47 48 51 45 33 
51 51 46 26 45 53 48 33 47 58 25 46 
28 27 28 34 
53 30 51 64 
21 56 22 49 21 25 48 54 53 31 28 32 30 29 26 27 21 34 25 48 25 31 20 47 28 20 25 33 28 29 32 24 23 23 33 58 22 21 20 33 32 30 24 23 
56 24 54 52 
49 32 31 23 
47 26 20 54 34 27 30 25 33 46 53 26 32 
23 25 32 48 29 28 50 50 30 31 21 24 51 54 22 29 32 
53 54 46 29 34 
56 51 32 49 56 45 53 48 48 46 21 48 23 
22 48 32 28 26 24 24 32 50 34 31 22 28 31 45 24 53 54 47 23 48 26 33 31 21 30 30 
56 54 32 45 56 45 48 47 31 32 28 47 32 45 47 30 45 51 
31 45 32 32 32 23 45 30 34 23 46 28 26 53 
60 49 30 33 53 54 23 25 22 29 
33 48 51 49 31 46 31 30 48 25 51 33 53 55 20 30 33 52 28 30 26 20 45 53 32 33 49 24 27 31 58 22 32 30 51 45 31 34 46 46 32 59 28 32 22 23 54 22 29 
28 45 33 31 20 27 52 27 28 28 46 30 31 49 21 26 49 48 55 59 26 29 27 50 29 22 21 53 49 23 28 28 25 23 24 53 25 21 46 21 32 20 23 52 28 31 25 45 24 29 26 30 47 23 49 28 26 25 50 27 23 45 27 54 28 51 49 34 30 23 32 54 30 52 54 27 26 33 24 53 28 22 34 21 22 26 30 60 30 50 32 28 50 50 34 25 31 27 20 31 28 45 28 30 28 45 22 30 32 34 29 21 25 34 46 46 34 54 28 33 22 20 29 29 52 29 20 46 46 32 23 50 46 21 23 28 33 33 26 23 51 22 27 26 29 29 28 24 53 26 27 20 27 28 34 25 53 22 29 31 48 53 25 25 26 49 56 50 28 32 30 31 27 25 24 27 26 51 46 22 53 53 30 48 23 47 23 22 48 26 28 52 31 54 34 23 31 31 32 30 26 56 31 54 52 53 30 52 31 47 29 31 28 54 22 31 23 32 20 22 31 26 21 30 50 26 27 21 49 32 47 29 46 33 23 46 30 27 53 50 25 30 50 52 24 28 20 29 46 34 23 29 23 24 33 28 32 24 29 29 27 24 22 25 27 50 31 25 24 46 27 22 52 21 48 52 53 25 50 23 28 34 52 25 23 23 28 55 28 30 45 24 30 34 29 26 33 59 45 31 47 23 53 26 30 34 25 31 56 30 30 49 54 25 21 28 32 28 46 25 55 22 33 29 21 33 25 45 25 27 26 29 29 51 48 54 25 31 59 25 52 25 30 23 48 27 52 34 23 32 49 34 26 26 26 48 26 23 32 29 32 26 28 34 29 29 32 27 28 33 45 31 53 24 33 23 26 21 27 33 31 49 53 47 26 47 54 21 23 25 48 23 24 25 29 45 28 24 54 34 26 32 
52 51 34 54 
25 23 25 49 26 24 25 34 49 31 26 27 31 24 32 28 48 49 48 52 34 20 30 24 30 45 53 33 27 29 33 20 29 21 32 50 32 26 54 49 27 25 54 53 29 58 25 50 33 25 30 45 29 53 24 22 46 26 34 50 26 47 24 31 50 27 31 22 33 31 52 30 28 27 25 33 32 47 23 27 45 51 23 62 48 47 27 30 28 26 52 27 28 26 29 32 52 27 23 58 52 25 21 30 31 25 29 34 24 26 26 58 26 50 34 32 27 31 28 29 32 
59 21 30 47 54 31 59 32 25 53 20 27 25 47 45 50 47 52 53 55 23 57 50 30 50 23 26 26 47 51 
57 31 52 51 57 
22 49 47 25 23 34 25 61 25 20 23 30 22 27 28 25 28 20 29 53 33 21 24 49 23 27 33 46 21 23 22 28 34 46 
62 55 49 26 53 22 28 21 52 51 49 59 47 23 51 51 47 48 47 46 48 28 26 24 52 48 32 27 31 20 45 22 33 22 53 52 
50 51 46 50 
52 29 54 46 
52 48 54 29 47 50 25 31 27 46 51 45 31 32 52 52 49 24 45 24 
55 34 27 48 31 47 31 34 54 52 32 34 26 29 20 30 28 50 49 34 30 30 45 59 54 29 27 55 27 33 55 29 32 29 24 51 21 49 26 46 56 47 26 53 48 51 54 51 47 52 49 
59 28 49 49 53 46 50 26 32 51 
69 47 62 27 53 
58 45 47 48 45 26 47 30 24 46 47 28 49 24 
56 53 45 50 49 25 54 54 50 32 50 32 26 22 56 
23 26 48 31 23 26 21 51 30 27 30 47 20 20 26 46 34 20 24 23 31 24 
25 26 48 30 50 
58 24 32 50 
59 50 26 30 46 
51 52 54 50 51 31 48 57 32 22 24 46 
47 54 31 28 45 
55 51 28 45 25 31 30 52 53 59 45 49 46 28 32 54 45 32 47 34 50 28 34 51 47 22 32 31 33 
54 30 25 48 29 31 31 57 34 33 46 30 24 27 50 53 49 49 29 29 26 45 47 50 48 23 48 52 55 31 50 22 34 55 47 50 30 31 46 31 54 54 54 29 
56 48 27 31 46 31 52 48 32 24 29 46 45 30 34 23 48 24 
51 30 22 48 59 34 23 21 52 47 47 21 50 50 
49 52 45 33 49 51 33 46 50 45 51 26 25 28 50 46 
55 26 29 57 
64 48 51 51 59 
66 46 73 54 33 56 60 60 21 51 52 
53 30 26 54 52 49 49 32 28 25 46 48 52 23 47 49 46 23 61 46 31 28 47 30 52 47 46 21 47 46 50 21 
52 61 31 33 27 48 25 21 52 33 22 33 34 31 46 51 53 32 48 26 58 50 51 49 34 
58 34 28 47 
47 32 30 32 24 49 50 31 23 50 55 
67 33 53 46 31 
53 32 22 30 45 23 60 22 46 33 20 20 52 49 21 46 
46 45 22 45 45 
24 58 31 54 28 32 30 33 26 53 30 26 21 30 32 33 51 30 49 25 32 56 29 25 25 24 33 32 45 26 52 33 47 33 52 23 25 27 27 23 32 28 28 21 24 23 32 46 52 24 27 33 29 51 48 32 46 34 46 52 49 53 46 48 24 51 22 48 52 24 32 28 21 28 27 26 21 28 47 30 23 22 31 49 33 26 33 28 28 26 20 21 23 45 48 50 46 28 45 21 32 26 30 54 22 28 23 46 24 53 27 28 20 22 53 29 49 30 48 33 26 27 57 33 32 25 30 25 34 48 27 50 46 33 50 45 52 30 31 52 54 34 46 32 50 52 50 45 45 31 30 47 56 52 33 50 31 50 49 47 46 46 30 49 33 31 45 31 52 54 47 34 47 34 33 47 54 49 31 34 30 52 52 46 46 31 30 45 33 32 53 50 50 51 31 30 47 31 32 53 53 47 48 48 52 47 45 53 49 55 46 47 56 49 48 54 53 53 52 56 63 50 47 47 50 51 54 47 47 48 50 49 45 49 53 52 48 45 51 48 48 47 50 51 46 49 50 50 48 47 53 48 51 45 47 53 53 46 45 48 48 48 54 46 55 47 51 54 49 53 47 52 53 54 49 51 55 46 51 49 45 49 48 49 47 60 45 46 45 51 62 45 45 52 49 54 47 49 54 56 54 53 52 57 54 54 47 60 54 45 47 45 50 53 52 45 48 48 53 47 47 48 50 50 47 45 45 49 53 49 47 47 53 52 49 58 50 48 46 48 53 48 57 49 45 46 48 48 55 54 48 47 49 53 53 53 46 47 48 50 54 52 45 53 48 47 52 51 52 49 45 49 52 58 48 54 49 49 56 45 54 49 49 50 51 53 47 46 48 53 51 53 45 51 52 47 48 49 53 50 51 46 45 48 51 46 49 45 49 46 49 57 48 45 50 50 53 46 49 45 50 56 45 47 45 50 51 45 54 55 50 47 49 49 58 49 47 56 49 59 54 54 49 46 54 51 45 48 52 45 46 53 54 46 51 48 45 45 45 46 54 47 48 45 47 49 45 45 54 58 51 45 48 49 48 48 49 48 50 51 53 52 45 51 50 51 57 50 57 54 52 52 52 57 51 58 48 46 46 52 54 46 45 59 54 58 47 49 56 54 45 49 54 55 54 45 58 48 56 47 48 48 45 51 50 52 45 46 52 45 46 48 46 46 57 49 50 46 56 50 48 47 49 59 45 59 54 45 47 59 49 47 54 58 48 53 49 46 53 45 48 46 45 52 51 48 48 52 46 50 51 51 46 53 50 58 51 45 53 47 46 45 49 52 50 45 47 46 58 53 45 49 48 59 45 51 59 48 45 49 57 45 49 47 48 45 47 48 46 58 45 50 45 54 50 45 49 50 47 47 45 49 47 49 47 48 49 48 53 46 48 59 53 54 47 47 47 53 53 45 48 50 47 50 49 49 46 56 51 52 45 51 55 46 52 45 51 54 46 53 49 48 58 55 53 48 45 49 47 53 51 48 48 45 46 46 48 45 47 45 48 54 47 54 51 54 48 46 49 47 51 48 45 58 49 45 52 45 52 58 49 49 53 49 47 48 49 56 51 52 52 53 53 50 51 52 53 51 50 53 52 51 50 52 58 50 52 53 62 54 54 50 50 53 50 54 59 56 53 52 51 52 52 51 52 54 52 57 52 58 54 56 53 51 54 51 51 54 54 53 63 50 58 53 51 52 53 54 51 54 54 51 50 50 51 54 50 50 53 50 51 51 52 55 53 58 54 55 52 51 56 51 54 52 54 55 53 54 56 55 50 51 50 54 51 55 51 53 52 54 54 52 51 50 54 61 50 54 55 54 54 50 52 50 52 50 53 53 54 54 53 57 54 52 56 51 57 54 51 54 62 51 54 54 52 54 50 52 51 54 54 56 51 51 53 59 53 51 53 50 52 52 57 50 54 52 52 53 57 57 52 55 53 53 52 51 58 51 54 50 52 54 52 54 51 54 55 50 59 51 60 53 52 52 51 52 53 50 53 61 52 51 50 56 57 52 53 54 54 52 54 50 52 50 53 54 55 53 54 52 54 53 51 56 50 55 54 57 50 57 50 51 53 63 53 57 54 57 57 52 56 63 55 54 59 58 63 53 54 50 50 51 54 53 54 53 52 53 53 53 50 53 57 52 50 58 53 64 54 56 53 59 59 51 50 50 54 52 51 53 54 
55 64 50 64 
70 62 57 58 62 55 54 55 52 55 63 53 55 62 59 50 70 71 52 71 60 59 58 55 62 65 56 68 70 64 74 50 62 55 68 50 57 50 58 72 74 59 50 50 64 58 61 56 65 59 58 55 57 55 68 63 70 57 52 55 57 59 63 68 59 59 70 60 59 58 63 57 73 68 72 59 52 73 69 61 54 56 63 51 64 60 63 50 57 57 57 58 72 67 61 60 55 55 61 73 65 57 58 63 65 58 52 59 55 62 68 63 72 67 58 55 66 62 54 50 68 52 53 59 65 61 53 53 61 61 51 64 66 62 60 57 69 63 66 66 61 57 52 51 57 55 52 53 55 52 56 55 57 55 51 63 52 52 64 54 61 56 57 57 52 61 67 56 62 59 62 56 59 68 59 69 55 68 62 55 60 57 56 62 53 63 55 56 57 63 65 57 53 67 55 63 58 53 51 63 50 63 58 60 68 58 57 61 69 50 64 57 57 69 53 62 57 57 65 64 66 68 59 68 58 
55 50 53 50 
58 51 54 51 52 51 50 63 58 58 51 56 53 59 50 51 64 57 60 54 58 50 54 53 58 50 58 50 52 51 
56 51 53 52 52 
55 50 53 56 50 51 50 57 51 51 55 58 64 54 55 52 55 52 62 53 52 52 58 56 51 52 52 58 54 54 52 51 57 56 56 53 52 58 64 51 50 57 54 52 52 52 52 53 51 50 53 52 
51 50 54 52 53 50 54 52 57 51 54 50 50 51 57 53 51 54 53 50 51 57 53 54 51 53 55 
59 51 52 51 50 51 59 54 51 50 52 53 52 53 52 
59 50 53 53 50 52 51 52 52 52 52 53 53 58 
58 50 53 52 
67 60 57 51 50 64 59 64 56 57 58 69 52 63 52 52 53 
51 51 55 54 52 50 52 53 50 54 57 56 58 52 50 50 60 52 56 52 58 54 50 51 54 59 50 50 57 53 50 53 52 54 53 50 53 52 53 52 51 51 54 51 50 56 54 50 52 55 52 50 54 58 51 53 53 51 58 51 51 53 50 54 54 54 54 58 50 50 50 52 51 52 53 50 53 56 51 51 53 58 56 55 52 54 54 53 52 51 
52 50 54 56 52 54 54 53 52 50 
55 50 53 55 54 
59 51 53 50 53 
50 56 50 52 
67 60 60 52 
68 62 55 54 58 52 55 60 62 64 57 54 
64 54 50 50 59 53 52 53 50 59 55 
59 51 51 54 
58 53 59 51 63 50 51 50 52 50 51 
59 53 52 53 50 55 59 51 51 52 54 50 54 51 56 53 50 55 55 54 
65 52 68 64 
64 52 51 55 51 63 54 50 54 54 55 55 55 53 59 54 50 59 57 50 59 57 54 56 56 
68 54 55 61 53 61 52 51 61 52 61 61 54 54 60 50 63 52 53 64 51 59 54 58 51 67 60 
52 54 55 53 
55 50 54 59 53 52 53 51 54 50 53 51 52 50 57 59 56 56 57 64 
57 55 55 59 
55 57 56 58 55 
59 59 58 57 57 57 55 58 59 59 
56 58 56 59 59 60 56 56 61 55 57 56 64 58 57 56 59 56 62 59 60 56 58 60 55 58 55 57 56 55 55 56 57 56 55 58 55 59 56 57 58 56 56 57 
67 64 55 69 58 57 56 55 61 57 68 63 57 58 66 
56 56 58 59 62 
55 55 56 58 56 59 56 58 59 59 
58 57 56 56 58 59 56 59 59 55 
57 55 55 61 58 
56 55 56 59 
65 62 55 56 57 55 55 57 65 65 55 58 55 56 65 59 64 56 58 61 57 57 62 60 61 55 57 55 62 56 57 60 59 60 
56 59 55 58 59 
62 58 55 56 59 57 59 57 59 57 59 56 58 59 
56 57 55 57 56 64 55 55 60 56 57 56 57 
60 57 56 55 
65 56 69 57 69 60 60 62 64 56 55 65 57 
59 61 56 55 55 
57 62 58 56 
59 64 60 58 
62 55 56 58 59 55 59 55 56 57 58 58 61 56 58 58 56 59 57 59 56 57 56 56 64 55 58 59 58 56 57 59 59 55 56 63 57 60 59 57 58 58 59 63 55 58 57 57 58 58 56 58 59 55 57 58 55 55 56 58 57 56 59 59 59 55 58 58 58 58 55 56 59 58 57 57 57 55 59 59 58 58 57 56 59 55 57 58 59 60 59 55 61 57 57 56 58 56 56 59 58 55 58 57 56 55 55 59 55 55 59 57 59 57 57 57 56 62 55 59 56 58 56 56 62 55 58 55 57 57 56 56 59 58 56 56 55 61 55 63 58 55 58 62 57 59 59 56 59 56 62 57 59 58 59 59 58 56 59 57 56 55 59 59 56 58 58 58 56 58 55 59 58 58 58 58 58 59 55 57 55 56 55 58 55 57 57 59 57 56 59 56 57 55 57 55 58 
58 59 59 55 
65 60 61 60 67 62 62 58 59 56 57 61 
69 63 64 59 60 64 59 58 62 56 61 69 
55 58 58 57 
69 55 56 55 
59 63 64 56 56 
65 57 66 62 55 67 55 56 65 63 58 67 56 57 57 56 59 58 57 58 60 65 55 59 67 59 58 63 65 67 59 57 56 55 
55 64 59 55 57 56 58 56 59 59 56 57 59 56 58 57 57 57 57 55 59 56 59 55 56 59 56 59 59 55 58 56 58 58 55 58 55 58 55 56 59 56 56 59 58 59 55 56 57 55 61 56 58 58 57 55 59 56 56 60 61 58 55 60 59 57 59 58 55 57 59 57 62 57 56 58 61 58 
59 59 58 59 59 59 56 57 57 56 59 59 59 57 58 56 58 55 59 59 59 57 59 58 58 58 58 59 58 57 59 58 56 55 56 55 56 
67 59 64 59 58 61 56 64 57 60 57 69 58 64 57 56 62 59 58 68 60 59 59 63 58 69 55 64 56 56 69 69 64 59 61 55 69 60 59 57 61 59 55 63 59 58 61 58 55 59 64 55 55 
60 62 55 58 57 58 58 57 57 57 58 59 59 
63 59 58 55 
65 62 59 58 55 56 61 64 59 62 
55 59 55 58 58 58 59 56 56 67 56 55 58 
58 57 57 57 
60 59 55 55 59 60 55 58 57 64 68 57 56 
66 60 57 63 64 59 55 63 67 59 57 58 65 58 64 63 58 61 59 67 55 63 60 61 56 57 64 63 
65 63 69 57 59 56 69 58 65 62 
69 59 63 56 55 61 58 55 62 58 63 63 63 56 56 59 60 61 56 63 59 64 64 62 61 58 55 68 68 58 56 59 59 65 55 55 56 65 58 55 56 55 59 57 59 55 59 59 55 
69 56 55 67 56 56 69 67 59 56 56 56 57 55 55 58 59 66 66 67 66 69 69 69 67 65 68 66 67 
66 67 66 66 69 
66 69 67 66 68 66 69 66 65 65 68 69 65 69 65 66 67 69 
66 67 69 68 68 68 69 69 69 67 65 66 67 66 67 68 65 69 67 69 66 67 67 68 68 66 66 66 68 66 68 67 68 68 66 68 65 67 68 69 68 68 
68 65 65 66 66 66 66 67 67 68 69 69 
