51 
36 
61 
41 
44 
39 
47 
41 
43 
33 
63 
34 
32 
55 
40 
47 
40 
42 
38 
43 
26 
37 
39 
59 
60 
42 
45 
49 
34 
30 
49 
49 
36 
35 
35 
29 
45 
29 
31 
49 
30 
53 
33 
53 
44 
52 
28 
26 
28 
40 
58 
25 
29 
39 
48 
25 
46 
46 
39 
38 
46 
42 
44 
29 
50 
36 
27 
61 
56 
31 
48 
51 
57 
45 
38 
29 
49 
51 
26 
34 
57 
31 
32 
44 
52 
44 
38 
54 
35 
46 
49 
27 
33 
27 
31 
31 
26 
29 
67 
42 
46 
64 
57 
53 
30 
53 
36 
53 
44 
56 
26 
39 
40 
54 
37 
40 
53 
33 
57 
25 
63 
50 
56 
63 
48 
26 
49 
53 
48 
49 
51 
25 
41 
36 
46 
35 
32 
47 
49 
57 
45 
41 
42 
31 
31 
38 
38 
52 
57 
53 
46 
50 
56 
38 
26 
26 
48 
27 
37 
33 
44 
51 
52 
54 
37 
48 
38 
51 
53 
25 
41 
67 
26 
39 
49 
40 
46 
66 
58 
64 
45 
39 
31 
48 
38 
25 
36 
31 
56 
25 
47 
46 
50 
54 
55 
29 
47 
56 
29 
42 
47 
40 
51 
38 
62 
26 
37 
27 
46 
56 
46 
56 
54 
51 
56 
33 
48 
33 
51 
46 
53 
25 
41 
34 
52 
48 
39 
57 
28 
47 
52 
53 
25 
52 
42 
28 
44 
47 
38 
46 
45 
32 
35 
43 
39 
56 
35 
45 
39 
31 
50 
26 
35 
53 
54 
42 
63 
27 
25 
38 
32 
37 
46 
47 
40 
56 
35 
54 
30 
28 
33 
42 
28 
26 
36 
29 
51 
26 
53 
40 
48 
59 
48 
37 
43 
32 
29 
37 
36 
50 
43 
46 
38 
27 
49 
32 
26 
35 
47 
28 
47 
25 
31 
28 
37 
26 
34 
68 
26 
27 
55 
40 
33 
41 
36 
26 
38 
34 
52 
46 
53 
28 
31 
26 
34 
48 
53 
53 
44 
31 
57 
39 
45 
58 
38 
42 
52 
47 
56 
40 
38 
28 
45 
25 
48 
32 
41 
37 
50 
33 
40 
37 
37 
54 
43 
52 
39 
36 
52 
41 
43 
56 
45 
33 
40 
49 
52 
54 
25 
34 
35 
33 
29 
27 
29 
53 
42 
38 
29 
34 
40 
40 
33 
31 
45 
38 
49 
41 
46 
32 
49 
52 
48 
28 
53 
47 
52 
52 
51 
49 
26 
37 
59 
46 
28 
54 
29 
46 
39 
32 
27 
52 
50 
35 
35 
40 
31 
29 
29 
66 
41 
59 
52 
37 
41 
49 
52 
52 
43 
42 
43 
40 
32 
26 
31 
27 
52 
40 
46 
48 
32 
36 
57 
30 
43 
54 
39 
37 
27 
42 
46 
61 
32 
61 
42 
31 
57 
31 
63 
48 
38 
45 
25 
38 
33 
51 
36 
35 
33 
48 
30 
54 
55 
31 
27 
51 
40 
44 
28 
34 
34 
38 
39 
63 
35 
49 
65 
45 
50 
29 
53 
34 
54 
41 
26 
36 
38 
34 
52 
45 
36 
64 
25 
53 
40 
30 
51 
30 
39 
47 
38 
59 
37 
27 
31 
32 
57 
39 
59 
27 
48 
48 
32 
49 
28 
34 
51 
31 
33 
29 
65 
34 
37 
35 
49 
29 
34 
38 
56 
41 
54 
53 
47 
32 
37 
63 
43 
26 
36 
62 
52 
32 
51 
38 
31 
27 
36 
49 
47 
59 
34 
52 
39 
66 
53 
27 
34 
30 
25 
29 
43 
31 
