372 81 6 419 95 196 282 98 706 795 327 894 126 184 
46 87 17 64 8 79 206 236 34 408 3 48 157 84 
161 258 1436 261 306 354 386 383 479 235 291 135 515 595 
295 50 504 175 357 7 728 756 228 522 616 639 523 856 
208 292 400 211 58 5 568 604 139 432 123 626 256 483 
273 918 296 678 271 1112 1230 323 410 763 948 786 1345 1043 
198 215 858 789 500 882 1089 421 1476 593 498 926 801 890 
69 636 78 594 371 382 40 404 723 413 457 840 746 767 
447 643 329 638 993 617 696 842 725 1044 897 1066 1584 964 
1052 1293 958 1272 1447 1320 1322 1077 1525 333 1165 1557 843 817 
18 93 151 487 1590 658 1746 736 2118 2152 661 3444 3641 52 
870 1130 867 957 916 990 1082 954 1628 1120 1496 1050 1654 1145 
219 1199 1677 1110 403 1847 1587 1148 427 1159 1190 339 1153 1389 
1215 1161 1461 1517 1548 1208 1222 1783 1365 1380 1571 1728 1329 1810 
502 1692 1492 1410 1538 1696 1738 1755 1983 1694 1857 1892 1993 2017 
1456 1184 1250 1457 1300 1598 1784 1880 1415 1893 1516 1665 1484 2193 
1640 1264 1391 526 1652 1979 760 1463 777 2045 1048 1561 2302 606 
2359 1574 2491 1585 2630 1169 1855 1221 1976 1231 1333 1179 2935 1903 
1209 3048 1409 1372 676 1583 687 1682 1439 1862 1751 3137 1521 1888 
588 2245 2038 2047 2347 2410 2799 2006 2200 2917 2225 2042 2930 2311 
2012 853 1926 3333 973 3426 3447 1962 1012 1986 1989 2171 2023 1568 
2086 3459 1672 1331 2421 1704 3563 1405 1719 2269 1756 1778 2256 1441 
1505 1970 2003 1837 2967 1933 2040 2365 2139 2150 2090 1910 2113 1923 
3584 1985 1995 2362 2028 2126 1610 2635 1645 2140 2584 2220 1955 2041 
2678 2414 1666 2806 2247 3704 3826 2125 3830 2940 3306 3983 1680 3320 
441 2173 443 2277 2329 2352 2209 230 2401 2345 2398 2101 2449 2511 
2198 4004 3016 642 2297 2319 3074 737 2486 2447 1813 2493 2131 2495 
2520 2427 2226 2774 2695 2854 2775 2433 2853 2281 1683 2430 2478 3034 
779 2826 2848 3143 2575 2490 2141 2232 2497 3367 3195 3323 818 2568 
3429 2902 2957 2583 2633 956 2733 3488 3388 3739 1204 4009 2893 1205 
3471 2344 4016 2659 2237 3049 2696 2324 4084 2357 3509 3741 2918 2606 
1226 3774 1248 1376 1569 3075 4079 2780 4088 2962 3205 3401 1726 2884 
247 56 632 2512 3104 3454 510 2596 2865 3528 1711 2821 3616 275 
906 1397 944 1065 3249 1180 2680 1212 1459 1387 3402 1632 1730 1944 
550 3879 1172 4164 2647 10 332 1734 1764 1781 2530 2160 2266 2720 
3862 2684 2685 2562 2637 4243 2705 1994 2998 3921 4017 4324 3086 4064 
3723 2969 3964 4074 2915 4533 4228 4140 4418 3139 1841 2800 3032 1897 
3097 4574 3270 4519 1928 2819 4703 3112 3093 4612 1934 4445 1972 3108 
2694 2886 2903 3065 3116 3197 3118 2966 3206 4457 3257 3211 4208 3457 
4736 4907 3472 3291 3490 3539 3553 3537 4971 3487 3569 5173 3571 4288 
2855 2963 2873 2992 4190 2640 4219 3166 2641 4531 4541 3256 3313 2280 
806 1774 3274 4332 1957 2020 2051 4427 2653 2399 4478 3271 3281 4661 
5149 5162 3315 2068 3378 3439 5182 4668 3121 3356 5260 4498 5263 4712 
2500 3349 3357 962 4932 3464 3502 2441 2991 2723 2860 4960 3986 3088 
2088 3597 3532 2143 2110 2192 2322 2385 2439 68 2477 2619 2664 2120 
3657 2460 3292 3236 4993 3506 3773 3700 2599 3836 2069 3865 2718 3874 
3670 3608 4584 4591 5401 5276 3744 3565 3860 3656 5334 3719 5413 5693 
150 830 1348 4124 194 611 145 4878 3667 125 1214 2875 985 4139 
4719 2457 3604 3473 4735 3664 3576 5517 3578 4770 5537 3727 3728 5664 
1399 2473 5088 2742 5153 1444 3883 3394 3172 3963 4118 2753 4229 4295 
2671 2294 2722 2363 2788 2396 2423 131 3373 3268 2539 3452 2591 2827 
5205 4420 3580 4458 4473 5685 2776 4152 5355 5477 2839 2866 4385 3585 
276 4241 5071 3590 3708 2504 3780 517 4132 1152 545 1187 5380 1667 
3820 5801 3885 3856 3916 4726 3892 4805 5897 4113 3904 4043 3965 4144 
3714 4425 4505 2927 3750 5704 3026 5516 3202 3767 3908 4242 5533 3606 
3979 4233 5913 4277 6286 4068 3822 4315 4082 4909 6451 4060 4078 4134 
4945 4373 4221 4224 6576 3731 4411 5189 4524 4237 6631 5201 4842 4383 
4460 6723 6922 4345 7068 4463 2542 4704 7135 5806 4375 7193 4892 7608 
2790 5224 3969 5824 4913 4000 2813 4002 4838 2881 2914 3023 4069 4865 
4421 4496 4623 5534 4506 5216 3237 4266 5692 4649 5723 3288 5309 5726 
5863 4760 5006 5982 1740 6110 5030 3043 4832 3442 5391 4175 5462 5632 
5272 5405 4335 3053 5644 5835 3170 4351 3194 4510 4479 5880 5354 3639 
5691 4566 5956 5827 4896 4914 4651 6068 4797 5850 4579 3276 4866 3338 
4615 4867 4694 4876 3666 6219 4900 6233 4997 5012 4436 6284 4729 4767 
4551 6569 5093 5987 5882 4775 4855 3359 6034 4620 5998 4916 6030 5113 
4948 4991 6293 6094 4757 4781 6108 3377 6383 6167 5034 4806 5357 6692 
5175 4862 5198 4917 5123 5402 4972 6574 5545 6636 5441 5513 4996 5556 
5409 5589 7948 5605 5657 5672 5456 4401 5542 7959 4942 7987 8062 5658 
5048 3423 6741 5055 6187 5099 5097 5837 6200 6906 4598 6262 5170 5195 
6964 3663 6969 5218 4889 6281 3804 6502 5246 5127 6514 7063 8073 6567 
1725 6668 1912 2922 5579 5807 4184 6045 5910 6687 5628 5079 6051 5206 
8175 4931 5889 6791 8185 4937 7229 4963 4990 8273 5103 8316 5925 5941 
5145 8458 5250 6032 5183 5701 5765 5337 5419 5561 5458 5773 6103 5512 
5225 6817 5285 5286 6691 5254 4008 5676 6722 5731 5757 5238 6821 6144 
8599 8942 6161 5594 5666 6190 5683 6215 5810 6269 5979 9122 6320 6453 
6827 6865 5275 5811 5331 6907 6912 5475 6968 5864 5284 6186 6257 7435 
3617 246 2829 5792 3184 3680 3489 3227 3829 3837 418 3427 702 3872 
7114 6182 6301 5532 6192 7184 5716 6390 7474 5738 5394 6228 6967 7493 
7156 6837 5740 5857 7207 6346 7369 7532 7663 7498 5894 5933 7047 6488 
4023 7515 7136 5541 5554 6916 5614 7225 6066 5626 5656 7587 7275 7293 
7566 5986 6157 6248 7102 7631 5678 7730 7182 7742 6292 4072 7879 7019 
6101 5940 9158 9205 6156 6472 6142 9265 6251 5583 6553 6452 6811 5624 
7183 7224 7337 4087 7969 7806 7230 8507 7310 7865 7448 7299 5772 6490 
6677 7941 6831 7348 7617 7375 8000 4249 7429 7666 7475 8004 8531 8660 
2014 8124 6247 7667 2950 7011 4949 2050 7181 8172 8256 8423 7527 8693 
8831 8961 8858 5788 9322 4265 7236 9035 7483 7639 6236 7744 9083 7757 
6858 6931 6696 6214 4371 6710 6867 6244 5815 7043 6276 6902 7074 7144 
7157 6911 7241 7459 7582 7680 7763 6308 5830 7905 6926 9286 6013 9305 
9424 6217 9787 7936 6985 6360 9800 6315 6432 9845 6441 10090 7013 10125 
7276 7758 7588 7786 7702 7578 9129 7857 9341 7745 7885 7999 7562 5794 
5795 6311 5948 6203 7710 7778 7746 10141 7940 9132 4470 6285 6421 6664 
684 2978 297 565 3215 378 2276 2878 3264 2437 6342 3371 1916 2654 
9166 7585 9422 8059 9445 9448 4485 8093 7636 9510 8046 7825 8120 10045 
8212 8265 9746 8276 10041 7903 8370 7850 10145 10147 8382 10066 8145 7920 
3341 10103 8402 5351 8235 8080 10132 1245 10171 10285 8407 8438 8367 6378 
7950 7921 4502 6694 7945 6362 6466 4529 6333 6700 4710 6467 8021 6403 
3549 8195 10522 8395 8469 6222 6648 8470 3364 8436 8494 8498 8527 2579 
6905 2656 10500 8520 2763 10674 466 8602 8901 8662 8263 10695 8926 8268 
8972 9101 9162 8067 8049 10855 10598 9522 8396 10871 6732 10051 11009 8740 
6386 8250 6760 7964 8269 4738 7176 6464 5009 6476 8156 6726 6607 7311 
7029 7984 10170 6551 10295 6602 6647 8058 6720 5128 7073 7095 7146 7259 
8085 6803 8091 8176 6868 7111 8295 7341 6928 7422 7008 7294 8514 7467 
3887 4217 4272 4284 7024 4309 4356 4828 5120 5231 5292 6300 3740 5407 
8198 7044 8320 8326 6805 5138 5196 5293 8552 7319 5437 8915 8330 6838 
10082 8931 11019 8454 10293 10655 8941 8966 5546 8496 11046 10853 9190 10928 
5638 8456 7571 6980 8366 8401 7756 5648 7876 7886 5888 6987 6042 7992 
8047 8672 8071 6501 8479 6521 8796 6697 7163 8943 10343 9029 6711 9051 
8459 7035 8503 7507 7684 9113 8545 9070 8598 9170 9214 8609 7343 7050 
854 5461 3793 5576 4491 4536 5782 7333 4557 5802 4577 4903 5014 5906 
8677 7363 8627 8746 7128 7484 7767 9253 7150 7186 7863 7344 10376 8051 
7072 7703 9121 7416 7694 7977 9144 7748 8129 9189 7878 7912 7075 7166 
10978 8909 7305 11040 9288 8747 11092 11041 9536 9582 9306 9617 9729 8807 
11172 9820 9949 8789 9988 10032 11144 11281 8173 7381 9335 10686 11156 11404 
8840 8843 11470 9393 8846 11257 11587 8859 10220 11716 10284 8953 10788 11778 
9213 10572 7177 8448 8472 7272 10691 7361 8511 8589 7570 9330 7421 8154 
10835 8635 9372 8182 9420 8261 7670 8271 8647 8445 9428 8710 10985 9440 
11815 10338 11405 8936 8478 9466 9097 11857 9468 11902 8881 10359 11218 8938 
9499 9594 9116 7679 9447 9115 9603 9404 7780 8762 9750 7797 9442 8905 
8950 9588 7761 9600 7867 8025 8184 9911 8952 9685 9074 9192 8314 8432 
11231 9919 10489 8993 3665 9130 11903 12016 10617 10739 9137 9207 9245 9326 
11459 11491 9332 12117 9754 11579 12103 12161 12138 12163 9738 9531 9877 10767 
6070 5023 982 6160 8733 6173 6198 1497 1908 6339 2373 6463 6782 3840 
12172 9688 11661 12362 9744 12219 9963 12407 8528 10777 12494 9902 9945 10138 
3560 12235 3863 12601 3069 12745 12839 3939 12854 10851 11677 12329 12338 4415 
5150 5245 5295 6892 7188 5975 11031 5307 8933 7717 7719 5445 7759 3436 
9812 9765 9325 8734 9018 9960 7816 10005 8837 9979 9413 9855 9857 10048 
11947 8865 12382 10986 11106 10115 8877 10322 12465 9677 10889 11951 12924 12995 
10199 9057 8524 9948 9792 13008 9175 10308 9609 10360 12547 10456 10537 9675 
9026 9696 8963 8597 11047 9954 11070 9095 8626 11341 8723 9104 8737 11458 
9347 7899 9916 9383 9411 9469 11463 8756 9982 9193 11464 9703 9999 9204 
9777 10213 11476 9798 10221 10449 10231 9776 9799 10602 10725 9957 9702 10012 
10262 10025 10124 9899 9968 10586 10267 10185 11989 10791 10335 9718 10610 10344 
8192 5504 5543 5578 8281 8285 3465 7560 7282 9784 8388 5953 5983 6083 
10306 10899 11117 10146 10684 10326 11217 10180 10297 10352 11313 10309 10478 11314 
8280 6324 3519 6382 10091 6639 8426 10268 6713 3605 6749 11000 8535 12040 
12224 11370 13178 11810 12594 12260 11921 10519 10821 13189 12497 10968 11275 11968 
12684 12060 11354 12875 10436 12733 13250 12887 11365 13288 12242 10673 12847 12371 
13070 13129 13337 10872 12447 13345 13585 13697 11576 10890 13242 12482 12511 13740 
11605 11022 11767 10635 13251 10778 10901 11143 10794 11959 11472 11162 12018 10451 
3278 12606 6313 13176 12640 11367 11422 13265 13891 14011 3374 13263 12673 4182 
12142 11604 12355 10510 10660 11633 10763 10990 11674 9375 8783 11024 9613 9873 
12710 12750 12920 12373 13030 14077 13653 14111 13679 11075 11741 13293 14203 11191 
699 4471 6923 4466 4692 6485 4474 4920 1395 4955 4609 1911 4645 7069 
11445 11653 11681 13498 13047 13503 14219 14269 11803 14284 14379 13637 13119 11877 
11659 11760 11930 9908 9023 10873 11399 11931 11762 12396 11995 12485 12579 10996 
12955 11006 11795 12239 11066 11980 12021 11861 11091 11196 9713 12028 11203 12186 
13931 13731 13256 14471 13784 13840 14554 13939 13870 14633 14878 12053 14993 13443 
9082 10234 9085 9100 12294 12312 12325 12390 9161 9184 9923 10328 9727 9918 
11972 13967 14164 11293 13974 15256 13517 15277 13981 13780 15355 14070 12297 15433 
14071 12207 12022 14152 13796 15594 14157 12059 14200 12061 14371 12214 13971 13067 
13514 10442 12421 12448 11304 12395 12423 12502 12252 12583 12566 11315 12634 12309 
14399 12809 14492 14629 12350 14654 14175 15699 14036 14173 12824 14230 12927 14392 
6930 7016 7521 8558 8631 7655 12457 10748 8666 8151 8636 10010 9382 9511 
12509 12609 13704 13831 12901 12592 14329 11400 9540 12980 10517 12615 13117 14380 
15903 8640 8845 8973 8742 9067 4461 9134 4953 5104 8744 9309 9473 9653 
10035 9650 12596 10175 10013 10190 10237 13041 9959 13133 10547 10266 10568 10380 
14179 14767 11449 15704 14472 15784 12972 14815 13095 15902 13323 13331 14222 13382 
15945 11494 16040 16269 11498 13920 11503 14119 16358 14530 14817 16388 14945 14254 
7695 7723 14302 14353 14428 3880 15356 15369 15383 16458 14623 15456 3890 14671 
10570 12793 10389 10144 10019 10808 12895 10350 13108 10499 10429 10493 10577 13303 
14881 14923 16674 14540 14984 13192 14584 14389 16772 15076 15125 16795 11509 15213 
11756 12808 13245 13118 14393 13127 13368 13211 10813 13290 11792 13219 11843 14640 
7172 4051 4603 7300 14995 15240 14714 15507 5447 15595 7855 15285 5208 16848 
7952 5698 863 16861 15672 14876 15329 16893 15418 16894 17037 15057 15424 15325 
17127 13413 15488 17155 15390 15734 15831 13398 15420 15604 11846 15663 13469 15528 
10837 10117 10937 10959 13532 10931 10970 11023 13314 10411 11064 10596 10633 11088 
14852 13592 16044 13423 13464 15727 11207 15055 12135 11233 13665 13703 11347 12178 
15120 11392 13839 10694 11394 12216 13808 13815 13901 14072 11002 13938 13343 13994 
10709 13419 11007 11045 11065 14138 11086 13545 13558 10430 11431 13674 11155 10445 
10455 11598 11962 11303 14143 11083 10545 10588 11335 5267 12045 10604 11479 5314 
15693 16148 12359 16153 15336 17217 14015 16260 14410 15372 15607 17250 17315 15820 
5742 8759 8827 9681 11567 9716 8853 9778 5812 6004 8890 9022 9863 13677 
13922 13951 14593 14027 14719 12484 14733 15735 14063 14210 12360 15753 14181 14212 
10632 10648 11164 11181 12542 11197 10764 13770 14365 12753 12798 11296 10816 11840 
14281 11406 14325 16179 16183 16591 12449 14821 14421 14695 14434 14453 14922 12915 
14972 15097 14951 14487 15197 12642 15174 14622 12686 15311 12731 16681 12804 14692 
10930 10953 12851 11004 12930 12956 11863 11519 11769 13181 11780 11943 14440 6137 
15353 15710 15366 15573 12979 15600 17334 14744 15659 16690 13093 12118 13591 16741 
7966 15814 5779 1299 7972 5840 17371 5271 15939 17552 15827 16325 6029 16419 
13304 11896 13473 14459 15766 11359 11517 12234 14537 11904 12271 11919 14690 14789 
12319 14820 12137 12620 14822 12773 12245 14759 13504 12815 14904 16750 16165 12418 
14961 13829 12850 11596 12864 13980 12435 12571 12665 12902 14064 13649 13037 12675 
13091 11718 12786 15006 14089 12015 13312 15040 12273 14238 13726 12903 12959 13742 
16890 16935 13720 13751 14880 15226 15227 16991 16352 13912 16432 15021 15177 16443 
1252 7318 8014 8236 1474 1524 1705 6127 1905 1941 7418 1093 7453 1101 
14280 14375 13217 13787 13399 13791 15211 14014 13458 12326 14468 15255 14197 12332 
3866 3918 34031 26766 13019 2203 2506 2459 28341 2503 23406 4021 22385 2092 
17143 14488 16493 15306 14031 17224 17293 16521 14512 17436 17503 14084 17510 14748 
15685 15294 17654 14110 15740 14808 14273 15371 14825 15471 14182 15476 17859 16840 
9984 10017 9396 10098 10365 9430 6627 7083 10556 7339 10573 9483 9500 7455 
15268 14363 15589 14409 17943 14846 12342 14413 15698 14874 15813 13492 12456 13494 
17650 15918 16238 16272 15973 17655 15675 5343 16127 16268 16399 16463 16091 17671 
5366 16501 7787 17737 16683 17788 4636 17997 16320 8081 16851 16460 16575 16663 
15908 13642 12477 13676 14444 14516 14964 15536 14684 12528 12630 13734 15142 12678 
16863 16719 16948 17257 15619 16480 16182 15895 16974 17005 18029 18043 17052 18143 
14725 14830 16074 13736 15629 13750 14848 15331 14903 14953 13762 16138 15411 13782 
13876 14083 16361 15223 14192 15305 15472 14314 15496 16498 16566 16685 12779 15503 
17099 16224 17248 17062 18047 17291 16600 17085 17606 17365 15958 18054 17434 16323 
8323 18069 1801 6772 8452 5754 16453 17446 16955 8492 17285 8389 4746 16614 
2565 6122 8923 6842 1991 8968 2785 2481 9054 8418 6943 4758 2581 9119 
17806 14226 18159 16125 17939 18245 18640 14395 15960 15785 17970 18014 18100 16155 
16617 15913 17487 17525 16619 18665 17580 17559 17705 17702 18121 18093 18103 18112 
18129 18223 18961 17946 19006 16625 18356 16672 18468 18593 19024 18844 16783 18859 
18887 18742 17867 18947 15952 16150 18299 16906 18949 19116 16251 16993 19060 19251 
16701 14504 16865 10615 14575 15612 15679 14752 15729 15965 16020 14891 16062 16883 
9024 16999 19188 19421 17977 17978 9462 18056 18085 18198 7265 17924 9218 17033 
16563 18137 10832 10836 16904 15790 9904 12092 20788 10024 7924 8534 10849 10875 
19194 18304 17979 18308 17040 17180 17320 18108 18409 17432 17457 17634 14416 18586 
8765 11177 10054 11285 8920 15985 12805 10233 9246 9889 10840 17050 10049 16186 
11349 10276 10342 10845 10949 10527 10982 11513 10888 11648 10964 11841 10995 11115 
18317 18358 19097 16171 19378 16632 16230 16872 16897 19768 14541 14573 16396 14989 
15095 16248 17710 12921 15610 16235 12999 13130 16261 17854 16276 18078 16322 16437 
15697 18359 15709 16374 13172 13457 16905 17206 16395 19980 18368 13634 15867 17419 
11324 11290 12081 11331 12153 11342 12289 11377 12351 11500 13175 12469 11594 12602 
17006 16469 16478 16532 18407 16007 17181 17558 18460 17281 14660 14930 14968 17367 
14035 17619 16589 16598 14190 16669 14279 16029 16073 17684 18381 18395 14657 20014 
2885 6426 3158 2112 9402 3251 10110 10039 4882 5040 10394 3640 5013 7628 
17794 17805 18605 18518 19231 18325 20304 19504 20422 16553 18828 15056 19325 17905 
17701 16105 16599 16764 17717 14826 18482 16154 16877 17954 16804 14929 18528 16830 
18450 19571 15517 18968 15558 19555 19630 17613 18975 19633 19065 19209 18668 17913 
18715 20467 19653 19685 18775 19296 19865 19313 15689 19265 17953 19909 19761 19271 
14955 17972 18055 18067 14992 18581 18102 18174 18213 16964 15158 17091 17134 16538 
19397 17656 20056 19956 17021 19543 18694 19619 18516 20101 20495 20114 17696 19880 
12660 11950 15161 12783 12867 11747 12937 12029 21868 12950 11958 13034 13057 13060 
13280 12152 12232 15304 13333 13491 12519 13555 18217 12544 18239 12789 13584 13747 
5432 20138 10554 19935 19997 20158 5865 18613 19322 10827 19465 11076 11151 20041 
20042 20082 19523 18619 20387 18714 15843 18735 17086 18750 19533 19208 20094 20205 
6458 19377 20455 20479 20578 20678 20281 5929 6469 20905 21190 20408 20851 19580 
21238 21389 21401 21095 19705 21405 20554 21193 20627 19737 19746 18866 16550 21229 
12919 12546 12551 12639 12821 13917 14048 13197 14799 13342 14236 22360 18253 13098 
14248 14330 13449 13209 18323 13745 13606 13610 14550 14914 13759 13976 17184 13756 
16992 17726 17738 17852 18937 19130 17347 20586 17894 20636 20645 20689 20748 17172 
17368 14944 16567 16773 15364 15422 18390 16819 17404 18599 18662 17441 16985 19328 
15550 18688 17103 18400 17239 17491 18809 17522 15615 18826 18969 17393 15736 17662 
20772 18202 19547 18229 17278 19593 19919 17177 17289 19932 19933 20898 21051 17298 
11261 21631 21780 20726 5969 20842 21843 19753 7668 19738 6238 21896 19890 19988 
7062 20894 20032 7883 20073 21009 19955 20107 22551 20104 20166 6561 10203 10216 
20022 17449 18363 20034 18449 20133 17516 18453 15755 21161 17409 15907 20187 21362 
18672 19189 19197 18813 17700 19334 15946 16053 17577 18934 17828 17757 16075 17838 
3408 11385 11632 2899 10802 6737 2900 3424 11610 4049 5193 6872 2770 3752 
13835 14088 17959 15152 14046 14697 15168 15204 15284 15514 15410 14814 14463 14941 
19057 17896 17917 16146 16191 17947 19803 17963 16200 18316 20278 19139 20108 18040 
15415 14581 14666 15533 15798 15897 16139 15017 16294 19234 14729 16454 14772 16541 
21135 22679 20183 21159 20237 22748 20290 20342 21339 21391 22831 21481 22948 20386 
16607 15004 17690 16689 15119 15522 15760 16763 15776 18050 16909 19248 17080 16813 
17521 20359 18466 18571 17468 21177 17523 18864 20805 21343 18871 17528 19071 21189 
3915 2888 8048 6991 3816 11650 7713 8260 12093 3386 5377 7430 4095 7892 
17680 21600 21559 18477 18520 17697 19291 18109 21381 19261 17901 21701 20616 20708 
19398 17694 21417 19629 19780 21579 18240 21717 21634 18098 18241 21899 18181 21972 
16227 18184 19317 18582 18382 18412 18604 16240 19332 18650 18687 18749 16318 16468 
18332 18526 19336 18127 18670 19811 19939 22105 18730 18224 19976 18301 18738 18329 
18388 20031 18911 18755 22200 19446 22026 20069 22212 20162 18535 20273 16675 22142 
22203 20801 22253 18459 22487 18561 18992 22561 19511 22248 20283 20410 22639 18648 
20445 23008 18902 20520 19048 23143 23232 23371 21531 19083 20843 20608 19363 20855 
3867 5484 3839 12897 4103 8397 11717 12996 8786 8006 8360 11798 9507 6020 
16789 18478 19451 19077 19316 16998 19790 19870 19962 17066 19387 17092 19972 19388 
21541 20728 23481 21710 22338 23525 20874 20899 21715 21034 21052 23543 20945 21248 
13220 21619 21125 9782 23570 21344 21714 21712 10546 9513 3930 21746 21777 11836 
23910 21169 18909 24074 21175 21294 22023 22285 24203 24231 22191 24322 21799 22313 
4096 8056 8224 8691 13552 4258 10713 11924 8805 9641 12236 10915 13616 4394 
19405 17135 20147 18483 19979 20020 20199 20442 20099 18559 18573 18679 17803 22652 
21827 21961 24402 21359 22662 24892 22477 21627 21969 22033 21815 22647 21864 19535 
17860 18717 17350 20180 18778 20676 20821 18885 18972 19173 19570 20191 22538 18321 
22091 22607 21979 24962 22042 22936 22278 24982 22689 22452 18994 19568 19626 22740 
17616 17638 17128 18193 17159 17238 18246 15622 16565 17251 24599 19406 18288 18415 
4338 4293 4580 11845 12826 4752 8980 6505 13039 5163 8998 5291 9758 9272 
19464 18629 20832 19502 18663 19538 19636 20450 19649 19750 20839 19709 17272 19917 
20854 19929 19793 19807 19965 20960 20976 18906 19111 19840 19119 20053 19382 21050 
20432 19825 19981 20494 20033 20611 22626 19015 22902 20037 20657 20314 20925 20969 
20363 20313 20428 21137 20444 23010 19049 22649 23088 19099 20492 23266 21148 19235 
25022 25044 22173 23019 23171 25063 21201 19273 22443 22673 23461 11878 25139 19676 
17394 17770 17957 18015 18413 18072 18806 19554 18141 20250 18322 18897 17114 17183 
22532 22875 23078 23557 22756 23611 23721 23119 22812 22826 25219 22836 25265 23251 
21217 21747 23398 23542 21928 23741 22951 21017 20532 21951 22843 19844 22150 19927 
21063 20415 19719 20465 20485 19998 21239 21253 20516 20534 21242 21653 19829 20272 
23885 22956 22296 23117 20542 23174 20576 23203 20668 22302 23582 23967 20564 24045 
22410 20098 20700 22537 20712 21252 19834 23855 24419 24457 20468 24738 24894 24991 
23573 22617 23677 23824 22855 23833 25310 23874 20146 25398 22960 23914 24998 23238 
5327 4923 11936 5464 5067 9389 10750 5451 5799 13113 12401 5635 13391 13700 
25067 23999 20902 23199 20919 24067 20258 24101 20305 23236 24197 23314 24665 21353 
25108 20358 20403 23322 20828 24721 25167 21412 20954 19851 20515 23489 21743 23505 
20472 20983 21757 21078 19852 20490 20727 21425 21196 21202 21775 20831 21784 21443 
23802 23004 24812 23956 24113 24092 23060 23130 25439 23254 24136 24111 23297 25110 
21803 20934 21097 21309 19886 21808 21480 21580 21632 19951 21127 21139 21649 21872 
19992 21263 21586 21885 20000 21327 21567 24817 21982 21838 20112 20231 21590 21931 
21734 20298 21737 21991 22025 22056 20302 22071 22066 20390 20456 21895 21909 22156 
20830 22395 20991 21191 20637 21659 20661 25209 23604 23807 24020 24082 24160 24863 
22999 23001 22310 21786 21947 22329 20517 25304 22413 22004 22414 20524 22051 23011 
25344 23303 21700 24931 22076 24942 21957 22008 22021 20695 24184 24952 25422 22186 
12741 12837 23325 10321 25529 23485 24140 25584 23716 6560 24249 12965 10807 25933 
23055 22489 20561 22208 22590 20631 23329 22364 22618 22820 22144 20757 23334 22161 
22286 25478 25084 25285 25598 25497 22661 24274 23063 24299 20846 24611 25647 20891 
23744 23920 23936 22426 23560 24002 23571 23600 26079 23670 23774 26143 23926 24023 
14060 24066 11280 24255 24086 24534 25128 24625 26349 25129 13544 13622 26393 14270 
20956 25740 22610 25597 22774 24637 23408 21065 24124 25813 22885 23032 25852 23054 
23206 22858 22225 22864 20705 23514 26057 20981 23150 22226 22333 21024 21062 18333 
26101 26249 21092 26286 23157 25469 25731 23168 26450 26468 24840 24841 21072 26593 
13803 11241 12974 11317 24114 24705 24766 11415 24202 11548 24371 7209 13903 24384 
21186 22336 21257 23218 19051 22351 22356 21258 22392 21357 23285 23440 22394 26665 
24424 24864 26426 25835 26539 25843 24878 26733 24310 26852 27102 25051 24851 24361 
19354 19486 19876 19970 20050 18392 23442 19280 19283 23248 19433 23565 23272 19434 
21758 22464 21861 22539 21925 22573 22761 23676 21952 23909 23767 22010 22029 22046 
22152 22169 23953 22804 24083 24890 23009 22202 22236 23351 23017 23668 23835 22375 
25081 25059 25879 24749 24439 25106 24619 25918 26667 21162 27125 27130 25510 27240 
22396 22421 23977 22517 24285 24338 24027 24096 24324 22597 22636 24493 24348 23080 
23482 25880 24403 26718 23499 21220 26758 26811 26083 25773 24452 26963 24514 21345 
22659 24559 22675 23122 22898 24365 24391 22941 26993 24724 24554 23241 24623 22950 
11456 25921 25247 25614 15925 25021 27305 25589 27369 25620 25776 27450 27463 14231 
13038 25834 27602 26316 25155 25364 13135 26350 27706 25700 11527 25557 13327 25806 
26169 21426 23520 21456 23500 24628 25779 26342 26387 21495 25875 26389 25901 23599 
27032 24753 25925 23626 27035 26398 23828 23842 21987 23985 27054 23763 26000 25908 
25909 27892 27078 25994 25995 24029 26130 25741 26367 26191 26023 25795 26279 26306 
26125 26504 25814 26528 26480 25839 26487 27915 27947 26282 26554 25948 26422 26388 
24839 24788 24629 23046 23826 24884 23103 20063 25112 23884 25192 24881 25169 24676 
28064 28083 22065 26018 22297 22388 11973 26087 26532 26136 26576 26497 22591 26562 
28088 26602 28215 26664 26569 28267 26594 22685 28321 28377 26307 26696 26684 28570 
26299 24052 25332 26413 22807 26327 22886 27119 24057 24248 24791 22907 26436 26557 
25588 23938 24825 26694 25679 25753 25357 23951 24934 25771 23958 24969 27199 23106 
19584 19855 17332 17883 21057 20072 20096 17895 20172 18033 20430 20327 20718 20405 
26794 26888 26753 26863 26954 27215 26724 26778 28665 26716 27091 28666 26956 23228 
14606 26786 26931 13483 27036 26969 26976 15935 27013 13598 27080 26978 6773 27129 
27309 26770 23231 26879 23252 27001 27338 27537 24302 27555 27034 23209 27184 27569 
23268 25840 23286 27412 24401 27255 27317 27345 27414 27448 27603 25464 23443 27161 
28701 27165 27501 27421 28763 28830 27766 23459 27530 26982 27774 24463 28881 27713 
25470 25574 23244 24108 25135 25591 23277 25149 25176 23335 26030 23568 26076 24143 
7187 11734 4824 6493 7620 5860 6179 16117 12054 12144 7254 7683 12588 8096 
25238 25767 25302 23724 24263 26131 27449 26176 25856 26198 26214 25391 26248 26331 
24488 24515 23620 23653 27606 27869 24522 24810 27620 27492 24849 27885 27580 27651 
27584 27708 27715 27615 26356 27763 27765 27931 23790 28076 28148 27894 28195 28162 
23949 28298 26336 27991 28157 25124 25566 25582 23839 25595 28443 26502 23871 28571 
26767 20762 18068 18087 20443 20822 19109 19142 20931 20938 20961 19267 20936 20937 
27007 28917 28926 27544 28193 29025 27831 27041 27881 27082 27660 28030 27124 27157 
26560 23954 24300 25418 20982 24396 26445 26805 26653 24551 25459 24446 25638 24594 
4162 5971 6026 7401 8103 6206 16198 6054 13810 4487 12113 14678 6656 12264 
26679 28588 26690 27107 26827 25603 24757 27139 27003 27179 24711 24784 27012 27026 
24850 24873 25105 27389 25184 26012 26128 26284 25221 25325 27461 25346 25599 27059 
28688 23950 24144 25608 25689 25757 25772 28459 28741 28770 24818 25896 24830 28774 
26552 26769 27628 24854 27772 26780 25942 25966 26107 27837 27074 27253 26274 26373 
27352 27364 27721 27895 27535 29081 28410 27757 27845 29107 27647 28038 28042 27814 
28784 27279 28169 27824 24294 28245 28302 28552 25983 26081 28973 29067 26983 28342 
28176 27980 27976 29121 26113 28199 28036 29155 28273 29156 28147 29172 28040 28502 
28336 29180 28960 28137 28259 28372 28477 29022 26341 29088 28401 29160 28496 28951 
27289 26455 24978 27480 24986 26526 24992 27357 27415 27952 27663 28142 27481 27482 
28211 29207 29035 29052 29416 28677 29444 28358 29799 28699 28378 28579 29519 29092 
14856 29116 28778 29342 28438 28498 28813 12729 29205 29226 12766 29378 28680 29808 
21090 27485 27551 20975 19488 27680 21314 28186 21143 21211 21276 21561 21790 21719 
12963 28685 16365 29279 28829 28851 12717 13054 29362 12811 13960 30027 28940 29000 
24340 26391 24355 28209 28869 26451 29662 28311 26490 28365 28885 29872 29017 26784 
24389 28490 24437 26825 28575 30424 25303 29030 25625 27745 27802 28613 26848 28695 
29502 29051 29114 25703 29124 30157 29182 29418 29634 29526 26995 29684 28920 29759 
22910 19765 25553 21897 22113 22430 19936 22938 27797 22234 22359 25555 23084 23263 
28980 27103 30654 27153 26570 29028 27198 26764 25704 30680 29042 29049 25743 27293 
27910 27966 27823 26781 27971 27105 25783 28379 27975 28158 25661 28226 27248 25748 
29087 25815 26183 29134 26294 25854 27360 27526 26496 27098 29168 25964 30789 27644 
27850 28057 28129 27282 28437 27691 28220 26060 26264 28564 28313 28281 28671 26522 
30197 30198 30952 29870 29886 29409 29122 29417 29793 29974 30007 30033 27836 30073 
30306 29097 29118 29785 27363 30048 30520 30103 29483 27846 30116 31003 30206 30276 
30307 30187 29533 30308 29789 30349 29270 27402 29920 30634 30479 29365 28203 29154 
29976 30269 29445 30483 28262 30593 30594 30291 30630 30804 30710 31071 30705 27578 
28293 27817 28409 26523 26567 27739 27950 28721 28756 26637 28861 27957 28648 28433 
28283 29461 28878 31043 29680 31066 31153 29721 29210 31165 31301 27832 29213 28910 
30043 30238 30673 28319 30699 30714 29545 31249 31423 30851 30865 29831 30906 30737 
16370 30970 15035 16522 14136 30757 14154 15075 30995 31442 31628 31705 13101 30747 
29388 31354 29471 28384 28391 27854 27872 27992 28471 28687 31372 29801 31592 29516 
27963 28966 28860 29058 29061 28098 26809 29145 28915 28141 29019 22422 29171 28669 
29133 28715 29214 29221 31641 29233 28123 29410 29150 28865 29470 26844 29529 29317 
29730 26986 27276 27368 29735 27669 29910 28294 27670 29377 28300 30001 27801 30088 
31709 31716 30843 30764 29836 30887 29907 30802 31022 31187 31847 31264 30897 31915 
23098 23510 22513 22868 20437 27460 27979 27883 29386 23730 20808 21626 22961 23035 
29685 30141 31890 29747 32076 29480 29969 30154 27927 32087 29778 30202 32092 29038 
7296 25197 7106 8343 8571 23513 8863 26564 23181 9971 35993 4935 6224 11309 
28422 30310 28990 29574 29066 29045 30454 30470 30476 29073 27932 30214 29302 30533 
28258 32231 31995 29076 28908 29312 32332 32377 28270 29484 27943 29914 28061 30344 
29738 29419 29123 29240 29316 29546 29501 28125 23155 29834 29926 30605 28344 30876 
29767 29945 29474 30094 28271 29641 29694 30902 30099 29842 29897 29909 30119 29950 
8244 12862 14343 16585 15203 16807 7445 7355 7889 15282 15382 14937 6330 7460 
29586 28392 30364 32427 32000 30402 29987 28446 28647 30144 29915 30012 29983 32451 
32107 30907 32128 30036 31349 31392 30327 30926 31149 28436 28736 32150 30959 30108 
30101 30159 28783 30115 28907 29941 29985 30249 30190 28941 30397 31326 30274 30339 
13430 31408 16833 16837 31471 31528 13439 17047 31513 31067 12982 31543 13543 31566 
28755 28848 30582 30067 30078 30201 30625 30124 30290 29113 30566 32647 30675 29320 
7643 7981 8246 17112 11545 5065 15783 8284 13144 13646 13928 17360 16038 8578 
30692 31336 30361 30475 31393 30572 29004 30754 30722 31411 30799 29005 30698 30785 
31574 31023 31077 31655 31213 30838 31214 31038 31296 31813 31849 30693 31114 31380 
32651 32753 29584 29010 31480 30175 30743 30696 31602 32783 30759 30797 29588 30355 
31679 32160 30468 29618 31184 31761 32916 29981 31342 31441 30849 31597 33008 32388 
30323 31156 29239 23176 23381 23389 31046 24408 23391 24468 23438 29274 31290 24584 
23809 24686 23851 21804 23870 23873 23965 22294 23984 22323 24151 24807 24913 25088 
31547 32015 30174 31836 31593 31120 32147 31934 31688 32010 31139 32180 31858 32158 
31245 33020 32196 33056 33151 33170 31886 30808 31421 31483 30863 31908 30232 31752 
5427 8842 8956 15590 14039 16189 14098 17556 5647 8074 13729 9625 14299 9638 
30295 31756 31999 30320 30502 32142 30471 30893 33199 30964 30567 32242 30522 30683 
31763 31562 31791 31875 30583 32286 30592 32297 32666 30720 32706 32331 32333 30879 
32823 31608 31912 32874 32459 31645 32561 33071 32007 33082 33215 32604 33124 31137 
22874 22913 24170 24486 30717 23064 25231 26237 31494 32198 23273 24822 32016 26363 
23710 31720 23843 23930 24827 24862 25057 26370 25087 24448 25153 25180 26645 25201 
32024 30024 30106 30125 32212 32273 32278 31517 32429 32379 30282 31838 32505 30721 
15639 14322 14427 31238 32008 32059 32721 32101 32767 33256 31404 32773 15796 13905 
32518 31911 33290 30335 32728 32831 32496 30336 32577 32914 30438 33093 30552 31958 
32617 31984 32834 32618 33566 33121 32729 30798 30831 33116 31116 31991 32818 30686 
25524 26657 27039 27114 24481 33217 25859 27189 33416 25890 27337 26002 26037 31267 
31674 33281 32467 30967 32532 33469 32813 32552 32993 30733 33049 31682 32654 31828 
33492 31862 31876 31947 32487 33117 31921 31931 30825 33511 31950 30741 31020 32667 
33266 31338 32082 32244 32960 33058 33269 33350 32305 32310 32623 33368 32982 33544 
17682 33259 14051 17713 33295 16243 32051 33520 33359 33381 14134 15087 14650 32206 
15186 32702 33524 32838 33696 33632 32909 33758 15799 33726 9233 33960 32945 16471 
33653 30807 31042 32375 33837 32517 30837 31086 32558 33867 33580 32655 32999 30866 
31231 32782 33651 31291 31350 31136 32965 30973 31355 31514 31169 33152 33952 31176 
31611 34030 32671 31347 31708 33159 34131 31391 31744 31197 31826 31867 31793 31690 
27348 27888 24546 28327 31892 28644 24558 33562 33007 26200 28708 26332 28738 28844 
31492 33024 33780 33797 33218 33639 33449 33642 33599 31707 31743 33728 33937 33964 
24595 28896 26437 28964 33757 26669 28969 26671 29254 29289 26742 26801 24990 26987 
27146 27190 27254 28014 27264 27315 27383 31824 29344 25123 27438 29481 27473 27717 
33284 31906 33768 34137 26641 33973 32034 34045 32049 34059 33192 32097 29788 33812 
32296 32762 32962 33233 33764 33261 33244 32466 33814 32946 34001 31894 31902 33866 
34307 33769 33796 33800 32191 34358 32260 32274 33806 33902 34227 34061 34060 34075 
29874 30098 26961 27566 27650 34076 28090 28154 30259 27659 34154 28161 28390 28398 
31775 33314 32111 32381 31941 32626 32115 31985 32646 32154 32163 32287 32302 32480 
33017 33324 32037 14716 33910 34017 34082 33413 34021 34081 34083 33540 33961 32793 
34388 33066 33253 33258 32649 33001 33451 34106 34213 34261 34366 34373 34394 34429 
10080 17732 17878 16340 18060 14990 15068 15287 9352 16473 10081 18156 6845 9353 
34237 34386 33515 33892 33521 33137 34481 33592 32919 34329 32980 32601 34462 33918 
16510 34550 15093 34642 15463 35047 15449 16476 34465 34473 34628 34488 16140 34594 
34122 34525 34176 34255 33333 34140 34580 34389 33468 33570 33608 33776 33793 33006 
33195 35207 34648 33527 34335 33285 34692 32211 34739 32756 33292 32610 34780 34796 
28428 28504 32292 30271 27827 33838 28536 28988 34226 30300 33906 29033 30342 30387 
17121 16620 16735 18568 16574 33626 33687 35339 17374 16793 33745 16678 34964 34938 
32422 34581 33559 32432 32547 34283 34567 34291 34333 34497 32562 34663 34529 34867 
34405 33940 34556 33198 34093 34582 34662 32816 34225 32686 34320 32774 34618 33529 
6948 12739 16924 10601 6970 17561 17276 13497 15570 10781 13527 9593 9872 10140 
19223 35003 19380 33781 33844 33541 19655 35049 18018 35058 33948 35347 17192 35617 
28263 29276 32843 28396 29568 30404 30587 29608 30943 29734 31019 30221 28632 31157 
30536 28793 30711 29212 31287 31416 29298 31215 31430 29366 31463 31689 29401 31472 
34025 34545 34682 34691 34696 34974 34092 34738 35065 32943 34607 34870 35095 34913 
35113 35125 33012 34120 35139 33358 34337 33611 33612 35725 34665 34715 33763 35114 
33792 35199 35316 34733 34806 34512 35754 34926 35492 35027 35029 32796 35242 34523 
34958 35815 35843 35362 35858 35390 35437 33671 35450 34180 35759 34340 35862 33560 
16089 17547 33679 34636 34997 35044 35106 17252 36100 35973 7038 35982 34653 35195 
33693 32920 33876 33992 33666 34634 32958 34557 34770 33896 33720 33849 34814 34746 
19889 36140 35427 35501 33799 10926 35989 36022 19912 33868 17647 36190 35533 35570 
31518 31601 31732 29758 31801 35525 32084 32095 31953 34005 29817 32192 32233 32460 
6147 10395 9299 17695 18126 14438 18634 14858 17330 11738 16205 10740 16338 10417 
32872 32228 32749 32800 33316 34379 32498 32568 35400 33508 32574 35826 30621 32678 
33999 34040 34171 34242 34224 33079 34903 34354 34949 34029 36329 34817 35543 34472 
36347 34534 34767 36658 34977 36024 36044 34708 36074 34527 36153 34827 35099 36157 
6155 16195 11937 17811 18276 20074 16341 17752 20815 16564 20988 6227 18880 18842 
36803 35037 36148 36207 33140 36279 34544 36236 36833 36454 36573 35116 36871 35416 
34876 34546 33167 34828 35554 34056 34912 34560 34650 34606 36034 33538 35112 35229 
19221 36342 36378 36888 8567 18948 12034 35535 21019 36457 16360 36915 36991 35664 
36464 35269 37125 35341 37167 34747 36879 36949 35053 34762 36953 37216 35799 35429 
19341 37297 18209 35584 36913 19029 36954 19064 35811 35886 35983 37030 37312 37333 
33588 35446 35084 34816 33593 34832 35344 33760 33926 35538 35549 35531 34115 33935 
33984 35629 34872 35678 34901 35807 35168 35867 34629 35260 33993 35393 35403 35284 
35694 35791 37041 37059 35658 37334 37096 37351 37349 33995 35714 37162 37224 37654 
36084 34699 36307 35816 36456 36493 35852 34742 35990 34907 36518 36598 34146 35448 
32693 32770 35063 33731 33783 32775 33127 30813 31172 31276 33142 33230 34066 33288 
36120 34399 36671 35541 34404 35607 35268 36878 35334 34436 35443 35988 31760 36946 
33663 33711 34096 33733 33816 34158 33954 34003 31820 31857 31993 34273 34315 34371 
37358 37680 37742 37877 37903 37938 34407 38006 35894 35912 35976 36047 37546 36131 
16680 35634 17351 18271 12379 9163 9259 19605 10998 20440 6405 38309 11322 9416 
36314 36202 35848 37711 38093 37965 38143 36325 37270 36365 34532 37970 36684 37553 
11361 20613 21176 19579 9651 21413 19963 18432 19294 8068 11492 11263 20537 9980 
34442 34719 32100 35247 35769 32178 34989 35280 34342 35332 35152 35575 34456 35792 
35343 36110 35832 36040 36220 36225 35861 36159 34591 34615 35950 36477 36227 36529 
21527 36802 37625 36434 36843 19055 36505 38173 37647 19432 38035 21994 38203 36962 
11692 22474 16424 8180 10072 11728 21111 16426 11733 19491 16708 11981 16781 22722 
36092 35348 35388 34803 36531 34822 34830 36547 36119 38406 38417 34874 36728 34521 
21132 19658 36546 37024 23079 37652 38423 37105 36720 37085 37719 37199 21278 38058 
34540 34563 35594 36249 36256 36335 35596 34838 34980 34999 36422 35817 36674 35846 
35185 35642 36442 35924 35298 35345 35365 35831 36948 36523 35391 35896 37038 35972 
35655 33136 33176 34501 29929 35997 36049 33476 33604 36079 34658 36689 36033 36306 
36081 35626 36870 36712 37174 36773 36151 36895 36337 36183 37044 35627 37252 37084 
36988 34890 37123 35045 35188 35302 37097 38160 35487 37163 37169 37186 35371 35509 
16864 19721 37375 37459 37480 38207 19853 20369 16957 38415 37557 38511 38595 37678 
11678 11706 21307 12174 12363 23101 8585 17646 12500 20944 11911 21455 9524 12792 
35631 37275 36200 37448 37545 36259 37195 37329 35439 37788 35703 37376 37570 35707 
12725 21643 18521 13134 23378 21927 19220 12055 12858 38513 19371 13206 7268 21945 
13317 24037 24129 18731 24335 24383 19752 19911 20029 11501 20395 19281 13466 12205 
35455 35473 37933 35709 37357 36416 35767 36330 36373 35491 35968 36447 36383 37409 
37132 36415 36801 37247 37455 35755 37478 37534 36458 37454 36552 37615 36557 37666 
37745 38713 36009 37686 37802 37856 35652 38658 37889 38712 38789 38797 37943 38181 
24528 13521 37891 37990 38019 20507 38200 
34773 34802 36925 34982 33627 35123 33801 36941 35368 29966 34050 35055 35499 35340 
36015 36345 36366 36418 38225 36536 35693 38249 36438 35774 36629 36798 35796 36659 
35951 35897 35687 35745 37683 34784 35928 34820 37517 35827 37705 36435 37032 36567 
12397 9575 35467 11588 22030 19350 21850 12832 22252 19365 10346 20684 13029 22083 
37244 36175 36568 37661 36532 36697 37331 36772 36616 36823 36836 37020 37339 37396 
11062 22400 19485 20729 20699 13253 19690 22687 24707 20906 19894 13360 22619 22655 
37219 37397 37598 37559 37675 37614 37604 37687 37823 37684 38690 37789 37977 37809 
13906 11707 21031 19914 23414 13547 24988 21349 12353 11543 25024 14124 21365 13889 
23444 22828 38865 37911 38178 20075 39064 14217 38380 39167 39227 20434 38772 38211 
11107 21711 20890 20986 21084 22132 21091 23538 14032 23775 14794 23631 23990 24040 
23795 38348 25251 15230 39300 38780 25719 39423 38508 38367 26038 38872 38443 24041 
37807 37804 35833 37811 37994 35966 35929 35992 36758 37999 38420 38099 36783 36023 
36952 37078 38425 36133 36792 37166 36980 38134 38491 38310 37490 38496 36218 38524 
36807 36029 37739 36749 36839 36143 36245 36451 36587 36898 36864 38334 37526 37914 
38585 38426 37528 37631 36696 36866 37107 37212 36881 38543 37069 37450 37521 38606 
38609 37214 38617 38770 37842 37886 38998 39077 38615 37729 37261 37952 37404 38039 
36769 36908 39139 38307 36893 38422 38018 38072 37019 38130 36923 37029 38190 38191 
22154 38014 38587 21271 24407 38919 26062 38726 38550 21570 38933 39003 39093 38745 
38859 36938 39035 37254 39479 38041 38285 38218 39195 38905 37288 38335 39476 38599 
15323 11539 24416 11740 12869 13158 22224 22598 14579 23014 15825 21637 12431 21661 
13445 14165 21470 14842 16372 24120 26097 25412 21892 24199 15016 23223 24154 24333 
16841 22228 22522 24733 22992 23186 25031 25190 25496 15333 25874 23866 23903 23261 
24228 38962 38390 26120 23846 39171 26425 38457 39176 25173 26529 23893 39630 23932 
15810 15917 24098 26590 13279 14095 17013 26920 25223 25314 25157 14228 27876 25954 
37100 38671 37196 39142 37305 37535 37203 37975 37694 37461 37363 37799 37220 38642 
37438 38706 38084 37422 38372 37825 38110 38373 38823 39161 39283 37558 38737 37644 
26263 39788 39817 25897 27159 39191 24671 39025 39234 39248 39615 25033 38619 38652 
27267 14358 27325 39316 27432 39348 26672 39808 39329 39885 26538 39900 25234 39614 
25539 27646 39997 25717 26608 39225 39313 39364 39386 39624 27506 39657 26226 39829 
26227 39482 39626 39533 39651 26860 39713 27747 26484 26683 39910 26790 39903 26704 
26937 27079 39998 27841 39729 27844 28001 39848 26962 39982 39952 27101 27110 27061 
28114 27302 27376 28134 27423 28205 28324 27579 14749 28792 27618 15979 29130 28198 
27833 28143 29296 28651 28413 28810 28183 29460 28705 28360 17715 28956 28853 29678 
28835 29321 28937 29083 30015 29102 30082 29453 18255 18736 29252 29687 29609 29923 
29744 29763 14801 15167 29059 29875 29098 29190 29259 30044 29893 29932 30080 18830 
38137 38365 38257 38318 38444 38327 38516 38364 38442 38452 35613 38537 38680 39060 
38739 38741 38857 39385 39442 39595 39074 39115 38784 39634 39532 39644 39698 39794 
19157 30315 16339 30314 30688 15374 31246 30346 31564 30376 30422 15384 19530 14479 
14768 31582 32169 30708 30871 32170 16359 31268 30385 32208 32218 17038 15321 16959 
37648 38235 38253 37710 37892 38500 37722 37702 38867 38907 37714 37806 38287 38951 
32440 32563 32828 30937 31225 32894 30694 31549 32184 31624 30982 32250 30408 32326 
30823 32917 32413 30956 32536 17461 32600 33035 33037 31583 33047 33130 31001 33371 
33509 33208 31652 32535 17588 32890 33232 33555 34292 14887 33889 31334 31666 33040 
19678 34368 34729 32168 28558 29656 31552 34573 30351 31040 34612 18999 15549 33294 
19891 33361 15775 32879 17406 31529 33280 31622 34623 34727 17628 16193 33895 16143 
31768 33419 34220 33660 34323 34984 34454 32187 32214 34459 16281 32956 33408 16838 
39247 39346 39432 39542 39606 39568 39629 39798 39872 38344 38464 39969 38761 38800 
39038 37867 38868 38292 37888 38428 39148 39216 38941 38942 39425 37950 39389 38116 
16516 33675 34163 11048 34250 34317 35156 20024 34449 34685 35497 17633 36007 19170 
19180 36221 31830 19312 19521 35035 33898 34162 33701 34519 20693 19648 18016 17810 
34676 36390 35057 35494 36634 36904 35598 34753 34928 35046 18493 34863 35135 35601 
35149 35651 35705 35325 35361 36210 37040 34970 37086 35747 35258 37187 36389 35383 
13106 214 16831 1143 29412 6921 238 13228 22822 31923 7809 35089 
20256 18026 36950 35435 20464 35691 36037 36496 21213 36984 35837 33730 37350 37142 
20921 37981 18931 35313 37441 37434 36209 17106 37498 37669 35360 20261 37443 22441 
17601 35728 21819 22258 21598 21604 22369 37663 20331 34537 22458 23160 36368 22592 
39399 38462 38267 39459 37955 38497 37765 39445 38948 39554 38961 38643 39497 38983 
21729 22646 36399 22783 22671 38275 35884 38533 36503 37800 36715 36828 37704 36369 
38945 36380 36970 36644 37192 39255 39443 37972 36706 17727 37523 37875 22723 38236 
23229 23421 39682 37740 23457 39785 23066 37242 22870 23348 18079 37256 36499 18164 
22879 39930 38322 37900 18254 38593 37962 37458 37572 38244 38473 38708 23831 38400 
38912 39169 39127 39642 39502 39667 39736 39737 39193 39512 39702 39514 39460 39807 
37847 39588 38011 37985 37959 38135 38059 38104 38535 38566 38268 38077 38927 38977 
38637 38673 38453 39675 39033 38751 39045 39094 39091 39151 38333 38401 39237 39378 
22908 38839 38949 22935 38821 37785 38538 38725 38952 39796 38727 38820 23342 18289 
19528 39027 23386 37063 19694 23436 38864 24201 23756 39369 39100 38920 39725 39110 
19773 24459 39840 38944 20480 39648 24744 20810 24770 39602 39946 23612 24130 25018 
38078 38088 38499 38435 38115 38407 38791 39769 38589 38679 39382 38705 38882 39469 
24955 39391 39861 20972 24351 39645 23944 24219 39747 39679 21204 24251 39830 39953 
39929 39964 24626 24578 25090 25046 25297 25222 21283 24684 24821 25727 22442 25259 
38817 38814 38560 38986 39095 38926 39065 39062 39185 39292 39959 39194 39112 39541 
22796 25961 26054 25369 25572 23343 26824 25986 24853 25481 26321 26146 26405 23498 
26344 26415 26833 26417 26633 26323 27164 27542 26540 23521 28676 23757 23882 27749 
39102 39221 39219 39762 39361 39262 39669 39517 39488 39678 39470 39334 39589 39417 
39771 39925 39939 39444 39843 39991 39779 39489 39504 39703 39519 39584 39638 39367 
24166 26644 24475 24694 28018 27439 27498 26647 28493 28521 27516 27518 28846 28022 
28265 29021 28933 29596 29790 29008 30009 29884 30164 31025 26701 29405 29084 29942 
30150 27400 27563 29284 31293 31427 28026 28322 28370 30257 30185 28589 29607 30571 
29380 31450 31945 30689 31975 29571 30090 32020 31388 32255 30153 30852 30426 31495 
32896 33227 32483 32691 32707 33265 31696 33356 32777 30506 33500 33349 33636 30941 
33552 31446 33741 34276 31189 34037 31316 33638 31971 32277 34314 32281 34575 34856 
33648 32338 33748 34265 34576 35105 34300 35131 34669 35013 35385 33824 32575 34779 
39525 39663 39458 39585 39835 39803 39902 39775 39942 39826 39508 39658 39659 39699 
35516 35020 35274 35802 35640 34189 36662 34322 33683 36852 36976 36554 33714 37567 
33869 37775 35637 34447 36665 34584 36699 35746 36853 34706 36776 37073 33941 37905 
36348 34797 36841 34851 37056 37168 37036 34853 37279 37372 37444 35256 37568 37721 
11906 24436 18517 16177 36661 28893 10481 
35415 37803 36041 37283 38692 36449 37627 39051 37939 36643 37829 37876 37308 37353 
38303 38050 38447 38264 38272 39189 38409 38600 38689 39510 38345 39582 38691 38697 
39880 39738 39813 39878 39918 39981 39790 
