37435 
35873 
9573 
4530 
7810 
37066 
9772 
31805 
35206 
36648 
7480 
21183 
14436 
1735 
12393 
39671 
19344 
1009 
20015 
18967 
21447 
30469 
2127 
31880 
25490 
12073 
31405 
33260 
15258 
29372 
23003 
39186 
380 
36031 
25415 
7753 
1850 
34214 
24768 
8228 
38439 
10245 
18545 
32674 
4753 
27510 
3523 
5886 
37768 
38989 
34401 
31577 
12201 
4912 
14229 
33461 
4503 
32814 
12801 
35193 
37934 
2000 
34924 
28109 
35183 
25650 
1792 
18365 
22957 
14301 
8784 
17039 
23220 
24509 
30360 
2402 
27860 
16887 
29566 
32140 
33336 
6859 
559 
25538 
9052 
19270 
1332 
20602 
28661 
21970 
38687 
31073 
3684 
13121 
36444 
33507 
12005 
27514 
18374 
1613 
23765 
20707 
33014 
18737 
7246 
15407 
28046 
39759 
26866 
21310 
4841 
9303 
9748 
23648 
2288 
20288 
13338 
21098 
18423 
27333 
10366 
26260 
19202 
37083 
20662 
33525 
11453 
12068 
21826 
7523 
37795 
25293 
2295 
12057 
14369 
33833 
29714 
5026 
23390 
24602 
13481 
5078 
12248 
26009 
28349 
20058 
16753 
5848 
7020 
37243 
16244 
18608 
15928 
20638 
16079 
5549 
19556 
37295 
32615 
16587 
7681 
6978 
27358 
26674 
9686 
37646 
19215 
34070 
32099 
14193 
10593 
4236 
26727 
637 
5296 
21192 
8487 
11362 
23636 
21475 
29528 
35172 
4176 
33387 
26161 
8944 
34430 
30322 
32482 
9997 
26693 
22545 
18893 
39695 
38968 
34215 
18639 
36701 
36223 
800 
37071 
2738 
14956 
31888 
29796 
37284 
2634 
13540 
15997 
35254 
8220 
20651 
32660 
32787 
20909 
21706 
30369 
24538 
8874 
37992 
5294 
39681 
39057 
38083 
28972 
10920 
21144 
190 
27086 
24965 
21849 
18645 
20869 
32564 
36278 
38045 
35376 
5612 
4959 
7116 
21013 
33987 
1225 
14950 
12553 
32684 
16511 
39111 
15989 
25857 
39284 
21553 
8372 
11219 
3399 
15611 
33738 
19041 
7815 
31115 
3877 
39633 
22888 
18074 
21860 
15743 
5954 
36791 
37620 
21363 
17349 
35967 
6799 
19529 
9529 
8298 
1723 
15822 
5265 
29174 
1843 
13062 
31005 
34074 
11482 
4980 
12758 
29640 
10869 
31438 
26851 
14911 
22801 
20775 
14926 
13769 
547 
10179 
3351 
21730 
20221 
22565 
35248 
16705 
7696 
35564 
532 
22631 
21614 
6414 
18089 
1851 
17582 
31835 
2374 
13885 
30069 
18311 
13107 
11623 
21222 
13476 
12436 
18533 
30414 
27600 
34638 
38279 
38980 
6788 
25401 
34936 
1901 
5926 
20829 
29803 
31986 
13730 
5781 
14470 
33119 
5144 
38308 
30818 
29878 
25017 
31398 
6512 
4367 
733 
23731 
688 
17366 
17218 
15028 
27821 
19804 
1878 
2496 
28983 
30293 
17809 
30616 
31854 
36058 
39670 
4979 
9248 
5821 
33099 
9191 
39889 
17620 
27382 
34312 
17264 
22947 
15061 
24039 
5290 
35457 
39822 
30544 
23574 
15250 
1304 
38042 
33831 
21329 
1004 
36063 
31451 
2 
19516 
17078 
27053 
7537 
29050 
15795 
22658 
34805 
32567 
18888 
27109 
31221 
21244 
12204 
14564 
11120 
477 
6947 
21467 
38928 
4239 
24532 
37232 
17344 
26731 
10745 
15623 
35847 
37309 
21646 
15024 
2934 
38259 
35803 
12770 
39276 
29583 
17915 
6388 
23180 
37269 
38501 
4001 
34299 
10685 
20128 
63 
23992 
19236 
32689 
36054 
2597 
16252 
37506 
402 
17254 
25010 
9876 
17834 
30500 
24392 
39783 
6329 
17402 
12644 
13895 
2662 
22129 
37271 
21930 
29957 
25486 
38056 
8521 
33296 
21920 
5804 
35041 
160 
32378 
3383 
11337 
1158 
12896 
10608 
38024 
12785 
26542 
11252 
17375 
5387 
15534 
19255 
12444 
24669 
27993 
4957 
2191 
24630 
33946 
33779 
2480 
5046 
12558 
20838 
927 
24961 
25275 
19664 
30834 
33448 
9311 
26638 
31940 
7143 
11702 
9120 
33021 
38934 
18188 
9636 
19073 
7104 
9711 
17287 
35081 
36462 
30519 
7168 
23654 
7158 
7520 
14918 
32113 
20095 
29695 
35129 
10084 
18558 
14829 
9763 
24562 
21605 
22366 
6033 
15686 
19787 
36232 
32216 
7036 
37226 
169 
15511 
29615 
39973 
30803 
39806 
5524 
7592 
1864 
28950 
20989 
24345 
26092 
37165 
33197 
7179 
14007 
13468 
10457 
28194 
4038 
24273 
18683 
18005 
1788 
24903 
26997 
19617 
