34 
39 
22 
48 
47 
53 
39 
64 
25 
48 
47 
31 
55 
20 
44 
52 
26 
33 
52 
32 
38 
48 
23 
51 
42 
52 
24 
45 
20 
25 
36 
21 
26 
48 
34 
47 
34 
34 
46 
37 
35 
52 
30 
34 
52 
41 
47 
35 
29 
25 
21 
36 
57 
21 
25 
35 
37 
52 
44 
31 
59 
42 
54 
47 
38 
41 
35 
57 
48 
47 
39 
25 
41 
22 
38 
32 
50 
42 
34 
48 
40 
49 
49 
44 
27 
48 
33 
38 
40 
50 
53 
30 
20 
45 
33 
41 
41 
25 
50 
37 
49 
26 
40 
32 
56 
34 
20 
26 
35 
48 
31 
20 
27 
66 
47 
28 
45 
59 
33 
53 
36 
27 
45 
26 
34 
31 
38 
33 
32 
35 
47 
49 
59 
26 
36 
54 
57 
45 
33 
48 
59 
35 
29 
28 
22 
57 
54 
50 
67 
42 
59 
25 
38 
30 
28 
25 
47 
21 
39 
58 
34 
49 
56 
27 
33 
41 
57 
52 
48 
57 
32 
37 
43 
55 
48 
51 
49 
51 
21 
27 
31 
44 
41 
32 
37 
41 
40 
54 
59 
28 
56 
34 
28 
33 
55 
52 
49 
36 
48 
66 
36 
40 
23 
58 
45 
52 
27 
20 
32 
54 
30 
33 
35 
43 
26 
46 
28 
32 
23 
64 
49 
56 
20 
47 
61 
44 
47 
27 
49 
44 
29 
42 
36 
29 
51 
37 
23 
25 
35 
32 
50 
51 
56 
33 
34 
49 
57 
49 
52 
54 
39 
30 
64 
46 
55 
27 
44 
54 
40 
24 
24 
46 
23 
52 
31 
37 
35 
34 
38 
26 
56 
29 
45 
56 
43 
37 
46 
35 
65 
44 
32 
66 
38 
43 
30 
38 
41 
25 
42 
54 
51 
48 
34 
26 
47 
26 
30 
31 
43 
56 
46 
23 
53 
55 
37 
50 
37 
24 
66 
54 
49 
54 
33 
46 
42 
40 
36 
39 
54 
39 
32 
57 
44 
51 
57 
29 
41 
48 
52 
24 
50 
33 
43 
46 
36 
38 
28 
30 
37 
39 
32 
48 
30 
55 
46 
33 
30 
36 
20 
28 
43 
30 
41 
52 
53 
22 
37 
31 
62 
33 
23 
34 
34 
65 
65 
52 
39 
56 
28 
44 
32 
48 
37 
34 
33 
33 
34 
58 
25 
32 
29 
27 
45 
60 
35 
46 
21 
55 
46 
49 
42 
55 
49 
69 
24 
51 
49 
37 
49 
50 
36 
29 
45 
39 
34 
26 
48 
48 
41 
37 
48 
41 
38 
27 
56 
32 
39 
55 
38 
37 
29 
47 
45 
25 
47 
35 
27 
45 
24 
29 
29 
55 
40 
48 
39 
58 
26 
34 
29 
24 
51 
41 
57 
44 
23 
53 
47 
54 
30 
25 
33 
37 
36 
51 
40 
41 
36 
27 
51 
41 
38 
58 
23 
26 
24 
44 
35 
38 
47 
49 
22 
37 
39 
29 
29 
25 
43 
34 
34 
38 
34 
21 
36 
26 
40 
49 
27 
47 
53 
44 
31 
36 
32 
53 
52 
37 
50 
26 
26 
42 
44 
28 
22 
27 
28 
51 
55 
41 
32 
30 
21 
38 
50 
39 
25 
49 
25 
31 
33 
47 
41 
46 
33 
43 
41 
46 
50 
50 
53 
30 
50 
40 
46 
30 
51 
23 
48 
40 
59 
50 
27 
21 
59 
51 
35 
48 
32 
58 
32 
44 
51 
51 
48 
34 
53 
38 
48 
45 
25 
38 
33 
51 
40 
40 
48 
30 
34 
44 
52 
38 
40 
47 
