13269 
8533 
26013 
14074 
7927 
37094 
19359 
18391 
24609 
7298 
18053 
10466 
34635 
6875 
24218 
14701 
19042 
5420 
35489 
28243 
23708 
38458 
24574 
34221 
6093 
23737 
17912 
22678 
15652 
31121 
3280 
10735 
15176 
21831 
34121 
9704 
24727 
30455 
7436 
3176 
26371 
23415 
15160 
3808 
2397 
26229 
29860 
39230 
27512 
20066 
2364 
4146 
19061 
29825 
39467 
31488 
37855 
17769 
32057 
4066 
34666 
9417 
17069 
37274 
34695 
2863 
36868 
23131 
29922 
21223 
1700 
741 
10779 
12100 
10427 
22280 
16698 
22181 
6604 
4756 
39124 
8580 
27060 
21533 
37201 
8308 
26027 
13643 
10699 
7153 
31544 
28434 
31739 
10921 
39868 
37043 
37808 
33177 
20151 
19013 
18008 
19814 
25340 
31373 
9836 
38313 
17862 
20777 
29668 
16450 
38990 
30997 
32944 
39081 
12405 
36168 
20588 
30135 
39273 
18473 
23082 
31959 
3165 
23488 
13594 
38768 
12149 
38032 
6075 
15791 
20617 
15092 
31235 
11374 
289 
24976 
14555 
3907 
11450 
8045 
8464 
1016 
3254 
13566 
21708 
6232 
36420 
10595 
13166 
5255 
19801 
7301 
26293 
29260 
33970 
35051 
4032 
35911 
35333 
37600 
11541 
9148 
26974 
739 
4056 
20895 
14638 
437 
15938 
15494 
1648 
24589 
21756 
5241 
15684 
8612 
28405 
85 
24357 
10717 
6718 
36800 
28348 
6492 
18656 
27816 
12031 
30130 
17123 
35960 
30445 
18804 
18149 
9830 
13204 
5858 
4608 
4622 
14909 
10961 
1943 
15198 
26946 
31402 
39766 
12645 
6037 
30072 
27231 
26726 
23196 
6738 
15696 
17295 
14076 
12595 
14568 
26587 
15309 
655 
12044 
22238 
3573 
22530 
16286 
2244 
28581 
6368 
36248 
26429 
10860 
1452 
22057 
10900 
7586 
13131 
21408 
6557 
1305 
33179 
27374 
5171 
12328 
13523 
23533 
15338 
18583 
2039 
34198 
39410 
3369 
11052 
2043 
2052 
15262 
34310 
28497 
26943 
37596 
931 
11652 
32880 
11574 
15335 
6605 
36865 
29308 
11954 
21372 
22808 
481 
36460 
3482 
37562 
759 
34179 
6385 
31538 
24655 
4010 
21517 
1644 
10202 
23327 
16076 
25616 
29235 
13438 
22221 
690 
37502 
18433 
1058 
32369 
11184 
2896 
1193 
9662 
31901 
34601 
28476 
5725 
12419 
19590 
529 
490 
36543 
13151 
6901 
17553 
3335 
27536 
37907 
12495 
18981 
20964 
28868 
15717 
6316 
32430 
23931 
38138 
3421 
10657 
29773 
19774 
31780 
25458 
315 
4938 
38001 
27711 
6925 
10718 
18875 
15521 
6134 
20503 
1358 
10327 
7510 
36192 
619 
10006 
35241 
10273 
16629 
14146 
39647 
28895 
36530 
13732 
25530 
609 
21986 
15833 
37382 
30432 
1637 
35724 
16885 
25255 
15292 
37700 
36353 
5525 
32546 
36018 
39402 
26241 
31486 
21305 
8648 
10955 
28871 
26042 
16169 
13766 
34836 
38564 
2554 
29601 
14372 
25762 
31891 
25463 
6735 
6470 
27170 
2206 
5244 
10639 
39429 
32039 
1422 
14289 
24771 
31878 
14207 
23192 
27065 
910 
20469 
33661 
15994 
8249 
28916 
9933 
4589 
11481 
20952 
30790 
20017 
15270 
31448 
13866 
1876 
6873 
22527 
13915 
28528 
15128 
3631 
12585 
22419 
25468 
27269 
17855 
19861 
7893 
33109 
17499 
19473 
11802 
12714 
19149 
8164 
22852 
13707 
9891 
18031 
20289 
39912 
1178 
27303 
23610 
5161 
19539 
24305 
7788 
32404 
25287 
7257 
17789 
12572 
27967 
25756 
38061 
24376 
34364 
11791 
5597 
3282 
13408 
13603 
13096 
9926 
9546 
36683 
7811 
37181 
4114 
34873 
38878 
2063 
34909 
14477 
14536 
8777 
10668 
24257 
2706 
28938 
22971 
36727 
11457 
28305 
25705 
25107 
21976 
39144 
10765 
34200 
22682 
20195 
9397 
226 
7627 
30321 
18070 
14907 
9643 
22721 
7772 
34541 
25801 
15642 
15276 
14327 
20149 
6129 
18479 
14003 
37865 
37093 
23396 
6406 
27557 
23864 
10940 
25782 
19153 
31558 
32063 
29710 
8303 
7737 
5654 
19779 
28563 
22786 
9583 
33715 
17882 
491 
13719 
5395 
21684 
30590 
35488 
30996 
4040 
32321 
26755 
18904 
39058 
633 
25680 
8891 
36519 
37904 
5602 
36960 
21040 
24072 
20260 
38914 
1014 
24933 
33716 
35618 
35312 
16903 
39756 
1117 
27770 
31255 
23753 
29395 
19430 
18959 
34745 
